2617
319 125 3 100 1583321 0.000002
61 315 3 100 2251490 0.000003
99 74 3 100 84943 0.000003
402 171 3 100 2541055 0.000004
37 182 3 100 59451 0.000005
359 143 3 100 51538 0.000010
325 78 3 100 2373087 0.000010
356 117 3 100 65355 0.000011
165 145 3 100 2130081 0.000011
142 233 3 100 25419 0.000012
123 381 3 100 73015 0.000013
310 338 3 100 2101587 0.000014
151 138 3 100 536070 0.000015
177 77 3 100 30995 0.000016
391 126 3 100 65232 0.000016
365 380 3 100 94943 0.000021
28 197 3 100 2101090 0.000022
259 37 3 100 16226 0.000023
253 239 3 100 15084 0.000024
88 325 3 100 1786534 0.000028
20 116 3 100 2519797 0.000029
84 349 3 100 36541 0.000029
402 214 3 100 739434 0.000030
306 354 3 100 83120 0.000037
224 53 3 100 28540 0.000041
403 78 3 100 769919 0.000042
210 85 3 100 67406 0.000043
306 163 3 100 996624 0.000047
177 54 3 100 1659581 0.000049
284 65 3 100 80764 0.000050
164 216 3 100 1999791 0.000057
187 261 3 100 23860 0.000059
327 212 3 100 95965 0.000063
314 35 3 100 9799 0.000066
365 228 3 100 14894 0.000066
201 357 3 100 62480 0.000066
32 374 3 100 90910 0.000068
206 254 3 100 939128 0.000069
393 379 3 100 66563 0.000070
259 173 3 100 61379 0.000070
240 314 3 100 906469 0.000070
269 268 3 100 104259 0.000071
85 173 3 100 2494045 0.000075
115 225 3 100 2317720 0.000075
206 275 3 100 55786 0.000083
375 302 3 100 91758 0.000088
196 277 3 100 1727700 0.000089
350 395 3 100 98378 0.000089
221 386 3 100 1924150 0.000093
333 140 3 100 1631890 0.000096
247 390 3 100 102754 0.000097
233 351 3 100 736403 0.000098
167 130 3 100 8777 0.000099
227 120 3 100 263607 0.000102
358 356 3 100 608996 0.000102
178 380 3 100 7408 0.000102
323 127 3 100 627606 0.000105
32 57 3 100 30707 0.000105
32 108 3 100 2608531 0.000106
31 222 3 100 43924 0.000109
274 401 3 100 290888 0.000111
355 191 3 100 2610597 0.000115
368 353 3 100 2044 0.000117
283 346 3 100 19515 0.000117
361 365 3 100 2169327 0.000119
381 190 3 100 57282 0.000120
398 362 3 100 8138 0.000124
250 201 3 100 401894 0.000126
28 32 3 100 534697 0.000129
91 54 3 100 76909 0.000130
366 208 3 100 599721 0.000131
149 313 3 100 1733138 0.000132
58 318 3 100 57317 0.000132
156 328 3 100 79356 0.000137
325 300 3 100 77338 0.000141
176 361 3 100 48117 0.000142
80 85 3 100 350975 0.000143
67 314 3 100 1609683 0.000144
130 304 3 100 2244888 0.000144
241 201 3 100 1894604 0.000147
165 76 3 100 38919 0.000147
154 74 3 100 1567918 0.000148
153 379 3 100 2013264 0.000150
261 257 3 100 49123 0.000151
20 218 3 100 2170446 0.000152
49 249 3 100 81221 0.000153
344 287 3 100 2359240 0.000153
325 148 3 100 485931 0.000161
59 309 3 100 513335 0.000168
178 254 3 100 2218524 0.000168
141 64 3 100 1666573 0.000170
380 140 3 100 57375 0.000172
140 80 3 100 2175092 0.000173
230 186 3 100 63405 0.000175
109 321 3 100 59382 0.000176
399 158 3 100 100938 0.000176
357 170 3 100 1781658 0.000181
161 235 3 100 92043 0.000182
380 187 3 100 8035 0.000184
246 352 3 100 2521923 0.000184
155 238 3 100 74999 0.000185
181 26 3 100 26898 0.000189
259 99 3 100 91133 0.000196
67 287 3 100 1674826 0.000200
50 181 3 100 52104 0.000202
296 97 3 100 57201 0.000203
303 392 3 100 62100 0.000205
216 341 3 100 104675 0.000216
43 130 3 100 18232 0.000218
208 349 3 100 513 0.000219
289 165 3 100 101132 0.000222
220 217 3 100 91563 0.000223
261 246 3 100 43988 0.000224
146 291 3 100 965103 0.000239
347 270 3 100 97929 0.000242
48 209 3 100 295736 0.000244
153 256 3 100 63019 0.000248
80 54 3 100 393301 0.000249
44 85 3 100 8936 0.000249
304 93 3 100 422957 0.000254
332 281 3 100 61062 0.000256
40 319 3 100 2239155 0.000256
248 199 3 100 44445 0.000257
248 80 3 100 470607 0.000258
138 338 3 100 2389038 0.000262
70 338 3 100 82560 0.000263
67 249 3 100 1810503 0.000264
43 88 3 100 2175363 0.000267
173 263 3 100 71793 0.000276
265 42 3 100 33876 0.000276
390 67 3 100 2385932 0.000281
160 168 3 100 2577052 0.000283
98 28 3 100 963461 0.000283
263 160 3 100 2206796 0.000285
209 213 3 100 79575 0.000288
124 362 3 100 7636 0.000288
236 77 3 100 1696595 0.000292
264 119 3 100 22608 0.000292
83 330 3 100 69779 0.000293
22 29 3 100 66918 0.000295
227 84 3 100 93835 0.000299
31 246 3 100 4700 0.000300
254 200 3 100 68797 0.000301
388 68 3 100 94559 0.000301
369 182 3 100 2496227 0.000310
252 20 3 100 2504678 0.000313
172 117 3 100 1164 0.000313
98 34 3 100 926244 0.000318
134 181 3 100 59998 0.000319
334 41 3 100 2437885 0.000320
106 311 3 100 1607655 0.000324
260 283 3 100 69962 0.000324
339 104 3 100 9118 0.000324
219 200 3 100 2263712 0.000325
231 381 3 100 34609 0.000326
277 380 3 100 95172 0.000331
283 153 3 100 2546463 0.000333
182 107 3 100 39873 0.000342
371 241 3 100 91274 0.000347
138 197 3 100 28822 0.000348
118 266 3 100 266811 0.000348
198 222 3 100 2424456 0.000352
250 151 3 100 3925 0.000356
172 246 3 100 62848 0.000360
187 119 3 100 2584584 0.000361
219 230 3 100 721769 0.000363
198 103 3 100 1039781 0.000363
218 127 3 100 1998697 0.000366
392 52 3 100 397841 0.000366
113 387 3 100 99068 0.000366
72 192 3 100 87913 0.000367
46 301 3 100 86226 0.000367
357 179 3 100 63261 0.000377
326 205 3 100 1587102 0.000382
149 202 3 100 2061680 0.000383
323 279 3 100 1801270 0.000389
347 227 3 100 19516 0.000390
292 44 3 100 73835 0.000390
72 306 3 100 1593001 0.000392
301 125 3 100 826810 0.000394
24 155 3 100 46968 0.000397
350 104 3 100 2538601 0.000400
38 316 3 100 1720043 0.000400
161 95 3 100 439924 0.000403
287 296 3 100 56801 0.000404
324 293 3 100 334532 0.000405
122 29 3 100 25017 0.000406
374 353 3 100 406925 0.000406
59 53 3 100 1771118 0.000407
145 393 3 100 2293389 0.000411
125 168 3 100 1661276 0.000412
240 224 3 100 749603 0.000415
278 147 3 100 164034 0.000416
262 341 3 100 1019771 0.000419
248 382 3 100 519613 0.000424
296 101 3 100 71926 0.000426
165 104 3 100 72826 0.000436
237 266 3 100 8407 0.000437
325 172 3 100 69807 0.000439
223 86 3 100 2352228 0.000440
311 290 3 100 17033 0.000440
191 289 3 100 75442 0.000442
152 323 3 100 85687 0.000442
397 322 3 100 40363 0.000444
238 221 3 100 1813373 0.000448
222 304 3 100 84828 0.000450
394 105 3 100 80995 0.000452
232 263 3 100 1782141 0.000453
217 266 3 100 28916 0.000457
157 229 3 100 1628282 0.000458
165 212 3 100 643639 0.000460
294 157 3 100 7245 0.000465
243 92 3 100 2358446 0.000466
248 178 3 100 2219124 0.000469
398 108 3 100 1805750 0.000473
299 189 3 100 963539 0.000475
215 223 3 100 57559 0.000476
332 300 3 100 95774 0.000477
102 58 3 100 39777 0.000479
301 56 3 100 81055 0.000479
46 289 3 100 1847044 0.000479
66 360 3 100 19072 0.000481
152 104 3 100 62558 0.000481
200 244 3 100 2363059 0.000481
233 199 3 100 88771 0.000491
296 347 3 100 2555660 0.000492
211 121 3 100 90137 0.000495
142 202 3 100 82809 0.000495
81 145 3 100 230249 0.000495
235 77 3 100 536155 0.000497
199 252 3 100 1841229 0.000505
332 213 3 100 5760 0.000506
244 113 3 100 89031 0.000506
171 75 3 100 342044 0.000513
94 194 3 100 62071 0.000515
245 192 3 100 1755824 0.000515
395 335 3 100 32854 0.000516
62 304 3 100 64790 0.000518
358 25 3 100 4198 0.000522
46 176 3 100 9767 0.000524
151 359 3 100 79355 0.000529
287 238 3 100 29218 0.000530
319 336 3 100 32965 0.000532
195 120 3 100 79508 0.000535
163 318 3 100 84168 0.000536
285 177 3 100 42156 0.000536
386 187 3 100 895348 0.000539
29 403 3 100 2314016 0.000541
190 229 3 100 1775152 0.000542
59 297 3 100 102851 0.000543
62 177 3 100 67613 0.000544
303 291 3 100 2145901 0.000546
282 196 3 100 880954 0.000547
320 326 3 100 55651 0.000549
139 49 3 100 52649 0.000551
117 375 3 100 2076566 0.000551
403 337 3 100 1987561 0.000553
279 398 3 100 814 0.000557
222 358 3 100 52812 0.000559
50 315 3 100 718978 0.000559
169 88 3 100 32147 0.000560
104 390 3 100 503526 0.000561
296 286 3 100 2040921 0.000563
40 38 3 100 380914 0.000565
192 199 3 100 5352 0.000567
203 350 3 100 1917521 0.000567
86 92 3 100 910769 0.000568
273 129 3 100 889927 0.000569
265 240 3 100 2544309 0.000572
300 105 3 100 2301901 0.000573
313 373 3 100 850424 0.000576
147 174 3 100 97054 0.000578
124 162 3 100 4786 0.000578
392 71 3 100 1912587 0.000582
235 78 3 100 753867 0.000583
95 39 3 100 1605693 0.000592
270 258 3 100 1791878 0.000593
201 338 3 100 72667 0.000597
316 132 3 100 34080 0.000599
55 340 3 100 14932 0.000599
218 265 3 100 44209 0.000600
386 355 3 100 66675 0.000615
387 186 3 100 43597 0.000616
315 203 3 100 74590 0.000616
206 310 3 100 52302 0.000617
288 163 3 100 45501 0.000618
320 388 3 100 2006133 0.000622
395 304 3 100 95131 0.000625
354 283 3 100 10493 0.000626
191 336 3 100 40149 0.000630
216 168 3 100 954465 0.000631
368 171 3 100 868962 0.000634
352 75 3 100 1593508 0.000638
200 105 3 100 8604 0.000638
275 227 3 100 66968 0.000638
100 392 3 100 95916 0.000640
387 317 3 100 2072211 0.000641
168 191 3 100 2219834 0.000643
253 142 3 100 30756 0.000645
303 230 3 100 1587784 0.000650
243 90 3 100 117046 0.000650
127 246 3 100 63170 0.000650
327 304 3 100 698182 0.000652
118 53 3 100 48439 0.000652
245 197 3 100 2180847 0.000655
58 220 3 100 1675536 0.000659
249 323 3 100 2093516 0.000660
137 250 3 100 2595083 0.000660
325 81 3 100 77236 0.000660
145 239 3 100 64192 0.000662
138 85 3 100 780325 0.000662
403 134 3 100 96217 0.000663
243 357 3 100 1868827 0.000665
209 65 3 100 1654708 0.000667
208 341 3 100 65815 0.000669
65 286 3 100 55760 0.000672
392 183 3 100 98200 0.000672
173 20 3 100 93285 0.000673
303 227 3 100 77458 0.000676
252 181 3 100 2034988 0.000677
359 184 3 100 3340 0.000678
61 167 3 100 66689 0.000680
215 191 3 100 253020 0.000681
342 131 3 100 30390 0.000682
339 201 3 100 91418 0.000683
195 280 3 100 2458575 0.000684
304 375 3 100 2523249 0.000688
128 71 3 100 95570 0.000691
150 403 3 100 5328 0.000692
289 389 3 100 82653 0.000694
398 222 3 100 89042 0.000695
229 374 3 100 31565 0.000695
191 60 3 100 166696 0.000696
189 103 3 100 101159 0.000699
112 99 3 100 29879 0.000700
130 28 3 100 2284612 0.000701
46 333 3 100 677571 0.000702
315 191 3 100 232078 0.000708
161 335 3 100 19166 0.000708
132 390 3 100 2135248 0.000708
372 172 3 100 55360 0.000709
46 169 3 100 32589 0.000712
322 401 3 100 1712481 0.000713
157 306 3 100 367612 0.000714
134 379 3 100 84791 0.000716
80 232 3 100 2474710 0.000716
26 45 3 100 962076 0.000718
210 136 3 100 990419 0.000719
213 281 3 100 44993 0.000721
379 356 3 100 2379016 0.000722
103 262 3 100 45545 0.000723
243 387 3 100 2269129 0.000725
165 167 3 100 56246 0.000725
173 306 3 100 2359792 0.000728
280 348 3 100 99315 0.000728
210 86 3 100 1835992 0.000731
166 300 3 100 10049 0.000732
254 287 3 100 980166 0.000734
293 30 3 100 1629645 0.000735
62 200 3 100 173328 0.000736
148 358 3 100 266839 0.000738
403 273 3 100 77353 0.000740
57 78 3 100 1655583 0.000743
142 357 3 100 44866 0.000743
286 68 3 100 1579513 0.000743
219 111 3 100 401307 0.000748
53 92 3 100 61945 0.000749
246 303 3 100 82699 0.000757
163 287 3 100 737350 0.000758
344 167 3 100 1802520 0.000767
348 209 3 100 82672 0.000771
117 161 3 100 922573 0.000773
157 27 3 100 85640 0.000776
338 139 3 100 2180380 0.000779
259 304 3 100 2548807 0.000784
281 105 3 100 8828 0.000785
370 357 3 100 2066197 0.000785
219 152 3 100 1697606 0.000785
193 280 3 100 2421147 0.000786
167 116 3 100 1929008 0.000788
311 53 3 100 97288 0.000794
377 65 3 100 559320 0.000794
332 200 3 100 99153 0.000798
373 171 3 100 2361820 0.000800
268 57 3 100 20108 0.000801
313 361 3 100 709581 0.000802
310 125 3 100 1625636 0.000807
77 195 3 100 2201710 0.000808
398 40 3 100 297693 0.000811
113 23 3 100 2419767 0.000812
335 392 3 100 145219 0.000814
157 257 3 100 916566 0.000816
354 176 3 100 1896092 0.000816
311 56 3 100 11532 0.000819
322 153 3 100 2387997 0.000819
215 183 3 100 34284 0.000823
87 282 3 100 1726632 0.000829
305 94 3 100 2480542 0.000829
385 133 3 100 1875226 0.000832
25 194 3 100 2292127 0.000834
32 57 3 100 358060 0.000836
291 371 3 100 81822 0.000841
339 138 3 100 2172509 0.000841
189 247 3 100 8026 0.000844
292 307 3 100 38449 0.000845
267 66 3 100 54749 0.000847
400 269 3 100 19047 0.000848
401 106 3 100 271940 0.000851
142 364 3 100 50156 0.000851
145 171 3 100 80425 0.000852
396 132 3 100 25900 0.000852
392 112 3 100 22427 0.000855
180 339 3 100 92680 0.000855
384 356 3 100 1875936 0.000857
49 25 3 100 101598 0.000857
364 272 3 100 2105484 0.000861
382 324 3 100 701434 0.000870
383 265 3 100 20326 0.000878
295 183 3 100 44605 0.000884
374 138 3 100 682112 0.000895
57 196 3 100 1698423 0.000896
238 178 3 100 2171513 0.000897
33 118 3 100 1084 0.000897
383 20 3 100 1642511 0.000900
44 299 3 100 33151 0.000900
113 303 3 100 91973 0.000901
267 52 3 100 1034141 0.000908
176 126 3 100 1862045 0.000908
138 296 3 100 2075633 0.000911
139 151 3 100 883936 0.000912
193 328 3 100 35081 0.000919
393 139 3 100 908035 0.000920
296 106 3 100 695387 0.000920
105 241 3 100 901491 0.000924
90 338 3 100 63257 0.000926
175 130 3 100 2395 0.000926
371 208 3 100 1938988 0.000927
280 68 3 100 1772999 0.000927
186 187 3 100 1005544 0.000930
325 116 3 100 51296 0.000934
324 295 3 100 27470 0.000939
137 250 3 100 1019054 0.000940
36 119 3 100 2169999 0.000943
210 57 3 100 12528 0.000944
166 307 3 100 75343 0.000947
305 86 3 100 13124 0.000948
176 43 3 100 2191817 0.000948
280 127 3 100 64542 0.000950
243 130 3 100 7071 0.000951
244 169 3 100 1582628 0.000953
294 121 3 100 56001 0.000954
66 97 3 100 1855503 0.000957
85 140 3 100 2438718 0.000957
233 397 3 100 1817772 0.000958
98 80 3 100 1726533 0.000962
127 125 3 100 19266 0.000962
266 307 3 100 89581 0.000962
115 343 3 100 16186 0.000963
227 29 3 100 60050 0.000964
179 353 3 100 1524 0.000967
237 230 3 100 54277 0.000967
229 73 3 100 2088534 0.000968
210 294 3 100 93765 0.000968
194 309 3 100 98968 0.000969
393 315 3 100 2365824 0.000971
329 83 3 100 23201 0.000972
109 149 3 100 2507011 0.000972
26 301 3 100 1927477 0.000975
282 194 3 100 78483 0.000978
304 227 3 100 71006 0.000979
296 104 3 100 2094577 0.000982
133 179 3 100 54645 0.000983
289 22 3 100 1822902 0.000986
216 288 3 100 1908737 0.000987
171 118 3 100 2057288 0.000989
171 392 3 100 104785 0.000989
263 298 3 100 149755 0.000992
152 365 3 100 25257 0.000992
247 208 3 100 34386 0.000992
402 398 3 100 11513 0.000995
78 192 3 100 2092178 0.000996
74 180 3 100 323218 0.000999
122 342 3 100 51614 0.000999
154 246 3 100 512873 0.001000
251 246 3 100 512517 0.001000
354 246 3 100 512826 0.001000
24 246 3 100 512640 0.001000
329 246 3 100 512768 0.001000
267 246 3 100 512982 0.001000
350 246 3 100 512960 0.001000
121 246 3 100 512671 0.001000
113 246 3 100 512294 0.001000
320 246 3 100 512883 0.001000
193 246 3 100 512310 0.001000
156 246 3 100 512872 0.001000
258 246 3 100 512235 0.001000
328 246 3 100 512946 0.001000
216 246 3 100 512872 0.001000
79 246 3 100 512328 0.001000
97 246 3 100 513015 0.001000
379 246 3 100 512670 0.001000
145 246 3 100 512891 0.001000
61 246 3 100 512296 0.001000
203 246 3 100 512270 0.001000
57 246 3 100 512840 0.001000
395 246 3 100 512092 0.001000
307 246 3 100 512957 0.001000
136 246 3 100 512679 0.001000
386 246 3 100 512264 0.001000
31 246 3 100 512385 0.001000
323 246 3 100 512797 0.001000
201 246 3 100 512437 0.001000
345 246 3 100 512347 0.001000
210 246 3 100 512651 0.001000
59 246 3 100 512841 0.001000
233 246 3 100 512118 0.001000
128 246 3 100 512366 0.001000
304 246 3 100 512936 0.001000
111 246 3 100 512514 0.001000
333 246 3 100 512895 0.001000
261 246 3 100 512579 0.001000
299 246 3 100 512630 0.001000
181 246 3 100 512039 0.001000
238 246 3 100 512896 0.001000
284 246 3 100 512020 0.001000
22 246 3 100 512284 0.001000
285 246 3 100 512261 0.001000
377 246 3 100 512043 0.001000
322 246 3 100 512919 0.001000
162 246 3 100 512567 0.001000
362 246 3 100 512482 0.001000
226 246 3 100 512683 0.001000
30 246 3 100 512073 0.001000
138 39 3 100 347285 0.001002
150 287 3 100 2320186 0.001004
254 55 3 100 2494829 0.001008
289 356 3 100 800501 0.001008
138 36 3 100 494421 0.001008
287 220 3 100 64882 0.001015
55 116 3 100 1774198 0.001016
364 281 3 100 20271 0.001016
191 33 3 100 1039291 0.001017
319 302 3 100 2521317 0.001019
389 172 3 100 714668 0.001019
96 391 3 100 2242003 0.001021
345 371 3 100 1826747 0.001021
263 400 3 100 90122 0.001024
366 22 3 100 2338182 0.001026
166 321 3 100 5332 0.001028
41 170 3 100 73263 0.001031
74 322 3 100 54370 0.001036
68 362 3 100 52419 0.001036
157 216 3 100 2587733 0.001040
298 108 3 100 1673425 0.001042
176 278 3 100 370756 0.001043
327 133 3 100 780595 0.001045
65 158 3 100 852204 0.001046
21 211 3 100 58338 0.001046
322 238 3 100 103965 0.001051
60 121 3 100 545617 0.001053
190 53 3 100 45346 0.001055
255 127 3 100 79317 0.001056
101 155 3 100 22237 0.001071
35 303 3 100 240878 0.001075
132 84 3 100 7417 0.001076
368 398 3 100 14437 0.001078
271 390 3 100 1781814 0.001079
192 97 3 100 57881 0.001080
291 87 3 100 58777 0.001081
337 339 3 100 44579 0.001082
263 71 3 100 96160 0.001084
135 34 3 100 387192 0.001088
145 130 3 100 85126 0.001090
195 191 3 100 19284 0.001092
364 375 3 100 81924 0.001092
206 341 3 100 1576633 0.001093
39 123 3 100 49054 0.001095
235 312 3 100 2110322 0.001095
61 98 3 100 1648223 0.001101
116 394 3 100 123146 0.001101
105 220 3 100 70623 0.001102
363 140 3 100 59801 0.001104
232 118 3 100 102092 0.001106
133 348 3 100 472138 0.001106
215 368 3 100 47642 0.001108
211 123 3 100 2429099 0.001109
354 50 3 100 99004 0.001109
229 254 3 100 984 0.001110
257 372 3 100 90838 0.001112
97 177 3 100 2513100 0.001112
227 175 3 100 1815836 0.001113
353 197 3 100 1569111 0.001114
163 207 3 100 62446 0.001114
220 53 3 100 31668 0.001116
280 124 3 100 924 0.001117
299 50 3 100 41155 0.001118
36 363 3 100 88931 0.001119
397 80 3 100 65326 0.001121
247 350 3 100 26677 0.001125
62 152 3 100 987156 0.001128
321 347 3 100 2243210 0.001129
93 283 3 100 40309 0.001130
136 230 3 100 95170 0.001131
67 105 3 100 5069 0.001131
231 255 3 100 87830 0.001133
39 364 3 100 437324 0.001136
180 127 3 100 29779 0.001138
287 38 3 100 2059507 0.001138
43 243 3 100 2276339 0.001140
300 154 3 100 415290 0.001140
176 379 3 100 47489 0.001140
120 312 3 100 17484 0.001140
118 229 3 100 2164266 0.001141
157 112 3 100 87983 0.001144
181 149 3 100 55781 0.001146
287 92 3 100 32631 0.001146
115 390 3 100 11046 0.001146
24 286 3 100 861443 0.001147
81 225 3 100 24844 0.001148
244 300 3 100 51406 0.001152
247 191 3 100 2564655 0.001155
130 388 3 100 2079198 0.001156
257 53 3 100 770039 0.001163
44 262 3 100 1907586 0.001164
293 292 3 100 60001 0.001165
75 116 3 100 78878 0.001165
269 370 3 100 1593459 0.001167
112 314 3 100 92214 0.001167
277 104 3 100 13906 0.001171
89 130 3 100 88603 0.001172
31 113 3 100 91198 0.001174
22 214 3 100 1658383 0.001175
304 219 3 100 2100341 0.001175
68 59 3 100 38514 0.001177
179 343 3 100 1869905 0.001177
270 267 3 100 101297 0.001179
120 51 3 100 82264 0.001184
118 205 3 100 85707 0.001189
105 64 3 100 1755313 0.001189
149 356 3 100 2593680 0.001189
382 108 3 100 83529 0.001192
143 235 3 100 63662 0.001192
20 248 3 100 2403246 0.001194
371 177 3 100 2277977 0.001196
63 277 3 100 2025043 0.001197
264 127 3 100 589703 0.001198
377 243 3 100 2073020 0.001201
213 32 3 100 677815 0.001201
316 91 3 100 738316 0.001209
182 235 3 100 48309 0.001213
161 93 3 100 1017522 0.001214
265 244 3 100 1801322 0.001215
345 101 3 100 764369 0.001215
330 94 3 100 39796 0.001216
361 24 3 100 100043 0.001216
189 259 3 100 55557 0.001217
321 374 3 100 92560 0.001220
136 314 3 100 2036128 0.001224
218 177 3 100 2158484 0.001228
314 251 3 100 651330 0.001228
356 98 3 100 2254985 0.001229
340 122 3 100 79681 0.001229
222 243 3 100 20813 0.001229
68 234 3 100 28708 0.001230
156 354 3 100 102826 0.001230
350 332 3 100 100785 0.001231
396 217 3 100 89958 0.001232
47 149 3 100 97868 0.001235
181 334 3 100 99531 0.001235
393 267 3 100 1912007 0.001237
200 338 3 100 41785 0.001243
227 199 3 100 28325 0.001244
299 153 3 100 4477 0.001244
77 351 3 100 75474 0.001250
309 271 3 100 1873080 0.001252
326 159 3 100 84961 0.001255
180 227 3 100 356976 0.001256
47 231 3 100 79447 0.001256
56 262 3 100 87724 0.001258
327 320 3 100 672765 0.001263
281 400 3 100 22696 0.001264
88 76 3 100 9595 0.001268
285 371 3 100 604969 0.001269
92 238 3 100 41719 0.001269
217 353 3 100 2292433 0.001269
33 133 3 100 66371 0.001270
258 313 3 100 17956 0.001270
384 365 3 100 2127140 0.001271
264 392 3 100 90248 0.001272
259 332 3 100 310727 0.001284
331 280 3 100 788410 0.001289
51 378 3 100 2409361 0.001291
96 116 3 100 960467 0.001292
249 71 3 100 1590753 0.001296
309 257 3 100 80896 0.001296
280 47 3 100 599080 0.001297
111 324 3 100 80479 0.001297
44 142 3 100 26485 0.001300
186 52 3 100 582840 0.001300
43 47 3 100 125485 0.001307
316 83 3 100 205007 0.001312
92 167 3 100 58017 0.001312
303 339 3 100 670621 0.001313
211 274 3 100 32441 0.001314
102 279 3 100 48885 0.001315
181 110 3 100 2364354 0.001316
170 210 3 100 64064 0.001320
150 334 3 100 81384 0.001321
362 83 3 100 62524 0.001322
177 251 3 100 41764 0.001325
90 49 3 100 2386209 0.001325
120 210 3 100 1788201 0.001326
208 345 3 100 53066 0.001326
272 365 3 100 1357 0.001326
234 100 3 100 58619 0.001327
182 318 3 100 36079 0.001327
80 97 3 100 101608 0.001328
171 376 3 100 97847 0.001334
302 323 3 100 62104 0.001335
23 85 3 100 8142 0.001338
309 113 3 100 28777 0.001338
206 108 3 100 2443892 0.001339
382 96 3 100 2085922 0.001340
312 229 3 100 54147 0.001341
20 113 3 100 9818 0.001351
210 324 3 100 61718 0.001351
143 327 3 100 1006566 0.001351
97 395 3 100 2076732 0.001352
146 294 3 100 65909 0.001354
314 236 3 100 96877 0.001357
84 292 3 100 61162 0.001358
375 142 3 100 458797 0.001359
271 158 3 100 103301 0.001359
180 165 3 100 70825 0.001359
333 288 3 100 22166 0.001365
47 189 3 100 2470393 0.001365
389 184 3 100 35136 0.001369
22 104 3 100 27783 0.001372
249 343 3 100 28010 0.001374
89 236 3 100 53940 0.001375
144 339 3 100 98014 0.001377
393 72 3 100 2537686 0.001381
307 110 3 100 2375337 0.001381
63 186 3 100 1608719 0.001381
300 271 3 100 1589145 0.001382
291 85 3 100 45458 0.001383
50 164 3 100 8706 0.001384
380 20 3 100 54330 0.001386
155 130 3 100 1679134 0.001387
195 32 3 100 98420 0.001389
375 378 3 100 32331 0.001391
245 343 3 100 274240 0.001396
217 96 3 100 2458897 0.001408
366 91 3 100 2555458 0.001410
213 272 3 100 86720 0.001410
21 127 3 100 1867370 0.001412
22 250 3 100 348096 0.001413
121 394 3 100 2037333 0.001414
376 320 3 100 87876 0.001414
356 244 3 100 357 0.001415
68 362 3 100 1878559 0.001417
164 290 3 100 81761 0.001418
326 249 3 100 5853 0.001420
317 339 3 100 87477 0.001420
245 136 3 100 63124 0.001421
239 338 3 100 102130 0.001424
283 147 3 100 884935 0.001426
400 212 3 100 95285 0.001426
341 183 3 100 749901 0.001427
369 216 3 100 1793469 0.001431
149 341 3 100 760913 0.001431
393 215 3 100 93458 0.001433
69 60 3 100 772982 0.001433
391 352 3 100 81488 0.001434
322 210 3 100 89017 0.001435
197 375 3 100 2538057 0.001440
257 352 3 100 23293 0.001444
248 318 3 100 38838 0.001444
346 284 3 100 2404907 0.001446
166 355 3 100 2219096 0.001448
65 117 3 100 966790 0.001450
328 106 3 100 2522231 0.001453
207 232 3 100 74672 0.001455
66 207 3 100 16307 0.001455
191 353 3 100 978599 0.001456
236 267 3 100 936656 0.001457
233 358 3 100 1617667 0.001457
186 35 3 100 822739 0.001461
203 199 3 100 20599 0.001462
180 325 3 100 79743 0.001464
183 275 3 100 92027 0.001464
125 335 3 100 102602 0.001465
337 115 3 100 70930 0.001467
209 42 3 100 43228 0.001469
360 340 3 100 999 0.001469
83 296 3 100 1746051 0.001470
122 327 3 100 94023 0.001470
193 237 3 100 8598 0.001472
324 50 3 100 38099 0.001476
263 80 3 100 1996162 0.001477
180 189 3 100 59074 0.001480
158 390 3 100 28293 0.001480
382 295 3 100 609423 0.001482
150 288 3 100 819595 0.001484
336 110 3 100 1667638 0.001485
153 342 3 100 2159940 0.001486
358 215 3 100 1743388 0.001488
153 126 3 100 301355 0.001488
89 173 3 100 4047 0.001490
83 377 3 100 45257 0.001491
249 277 3 100 11407 0.001493
44 186 3 100 2310267 0.001494
258 175 3 100 59992 0.001496
278 296 3 100 1770545 0.001500
297 230 3 100 2572214 0.001501
190 305 3 100 274533 0.001506
368 291 3 100 76523 0.001507
236 132 3 100 328072 0.001507
324 173 3 100 1946610 0.001509
71 34 3 100 598929 0.001509
191 286 3 100 21137 0.001517
276 306 3 100 116146 0.001519
121 192 3 100 207232 0.001519
339 82 3 100 623527 0.001525
276 176 3 100 124466 0.001525
100 162 3 100 90718 0.001527
174 375 3 100 2455499 0.001527
338 222 3 100 2355977 0.001528
272 145 3 100 750177 0.001528
253 222 3 100 1587168 0.001531
385 372 3 100 45506 0.001532
220 191 3 100 89979 0.001532
216 249 3 100 128039 0.001536
134 353 3 100 62154 0.001542
399 333 3 100 2298033 0.001544
300 94 3 100 1638612 0.001548
182 200 3 100 164017 0.001553
168 351 3 100 2076811 0.001553
75 190 3 100 58676 0.001556
51 206 3 100 2285880 0.001558
363 352 3 100 1924995 0.001558
267 366 3 100 101667 0.001561
50 82 3 100 85124 0.001562
252 257 3 100 1890687 0.001565
253 298 3 100 687591 0.001569
283 37 3 100 53130 0.001569
24 105 3 100 33945 0.001574
126 68 3 100 54878 0.001576
64 340 3 100 1599006 0.001578
292 384 3 100 28155 0.001582
30 311 3 100 1842889 0.001582
70 314 3 100 842415 0.001585
241 101 3 100 74096 0.001586
299 354 3 100 572449 0.001591
74 27 3 100 2065669 0.001592
23 147 3 100 64272 0.001596
266 117 3 100 656386 0.001598
96 278 3 100 2431591 0.001599
41 358 3 100 148172 0.001599
379 42 3 100 117592 0.001600
175 377 3 100 2262467 0.001601
46 361 3 100 57288 0.001601
327 202 3 100 55589 0.001607
395 84 3 100 91169 0.001610
247 311 3 100 1741566 0.001613
320 20 3 100 82029 0.001614
53 313 3 100 56661 0.001615
238 79 3 100 61629 0.001618
333 172 3 100 2664 0.001618
125 333 3 100 68381 0.001620
167 233 3 100 2228970 0.001621
298 204 3 100 1749341 0.001622
220 117 3 100 1751913 0.001627
178 312 3 100 515557 0.001628
162 334 3 100 97653 0.001628
403 20 3 100 13198 0.001629
79 276 3 100 784416 0.001630
377 314 3 100 2601662 0.001635
175 75 3 100 50358 0.001636
71 129 3 100 2191388 0.001637
301 249 3 100 100197 0.001642
54 205 3 100 36565 0.001642
151 246 3 100 88734 0.001643
169 401 3 100 15723 0.001644
162 121 3 100 171922 0.001644
202 85 3 100 4158 0.001645
311 239 3 100 1866295 0.001646
47 120 3 100 27465 0.001646
323 103 3 100 98678 0.001647
66 329 3 100 534345 0.001651
261 290 3 100 249352 0.001652
314 327 3 100 768323 0.001653
55 296 3 100 16794 0.001655
121 368 3 100 96645 0.001656
249 47 3 100 1728764 0.001657
262 344 3 100 83462 0.001659
68 316 3 100 1644224 0.001660
165 66 3 100 57791 0.001662
359 268 3 100 3085 0.001665
246 291 3 100 86378 0.001666
124 91 3 100 1631263 0.001671
221 68 3 100 99720 0.001671
176 266 3 100 98398 0.001672
254 135 3 100 700908 0.001678
103 182 3 100 58199 0.001681
249 343 3 100 14820 0.001682
60 199 3 100 1812149 0.001685
259 279 3 100 2339567 0.001688
299 91 3 100 1925755 0.001690
228 142 3 100 94652 0.001694
326 245 3 100 91780 0.001695
118 236 3 100 1715286 0.001696
83 92 3 100 299816 0.001697
114 227 3 100 972524 0.001699
323 68 3 100 70048 0.001699
62 96 3 100 58434 0.001700
31 70 3 100 26350 0.001702
393 304 3 100 72771 0.001705
258 183 3 100 43445 0.001706
83 378 3 100 1719363 0.001708
282 125 3 100 2088146 0.001711
121 375 3 100 294183 0.001712
399 60 3 100 45038 0.001713
223 81 3 100 513565 0.001714
283 42 3 100 62319 0.001718
383 176 3 100 1852035 0.001721
49 90 3 100 49932 0.001721
166 318 3 100 365434 0.001724
236 272 3 100 9310 0.001724
71 338 3 100 2219201 0.001726
31 144 3 100 2388532 0.001728
69 37 3 100 1845084 0.001734
39 251 3 100 20803 0.001736
199 78 3 100 83621 0.001737
263 397 3 100 838955 0.001738
168 119 3 100 1825488 0.001739
265 377 3 100 100943 0.001743
213 286 3 100 37671 0.001744
64 74 3 100 430881 0.001749
48 106 3 100 71238 0.001750
247 313 3 100 50048 0.001752
148 207 3 100 94431 0.001753
381 71 3 100 103927 0.001754
195 25 3 100 2298313 0.001755
181 104 3 100 50187 0.001770
397 201 3 100 845102 0.001770
211 215 3 100 26617 0.001773
201 124 3 100 36193 0.001774
220 182 3 100 93771 0.001776
205 54 3 100 41165 0.001780
42 240 3 100 76752 0.001780
210 48 3 100 31794 0.001781
403 341 3 100 2143112 0.001787
101 306 3 100 73556 0.001789
156 82 3 100 396533 0.001789
278 207 3 100 889970 0.001792
393 377 3 100 1874079 0.001794
246 112 3 100 58204 0.001795
37 40 3 100 58224 0.001797
212 114 3 100 90597 0.001798
338 379 3 100 1702698 0.001798
168 365 3 100 63853 0.001802
237 46 3 100 53899 0.001805
397 137 3 100 2319236 0.001808
40 290 3 100 1844779 0.001808
214 63 3 100 98832 0.001810
284 139 3 100 50420 0.001811
337 289 3 100 71655 0.001813
134 186 3 100 12997 0.001816
333 320 3 100 63295 0.001816
349 199 3 100 203153 0.001820
72 52 3 100 47681 0.001823
285 226 3 100 2193119 0.001829
93 42 3 100 37695 0.001829
383 348 3 100 2604113 0.001831
377 108 3 100 20870 0.001835
232 61 3 100 601103 0.001836
239 361 3 100 1828603 0.001836
185 118 3 100 1688913 0.001836
245 298 3 100 43626 0.001840
282 54 3 100 19526 0.001841
255 303 3 100 47406 0.001842
283 199 3 100 78656 0.001848
42 224 3 100 33755 0.001851
155 244 3 100 363669 0.001854
309 393 3 100 2586696 0.001854
213 263 3 100 1975375 0.001858
193 82 3 100 2554307 0.001858
354 132 3 100 993395 0.001860
300 73 3 100 2016845 0.001860
389 78 3 100 80152 0.001861
73 91 3 100 1646099 0.001864
294 238 3 100 98614 0.001872
53 252 3 100 2353625 0.001872
233 393 3 100 37391 0.001874
132 256 3 100 351717 0.001875
396 216 3 100 45848 0.001878
60 175 3 100 15687 0.001879
174 260 3 100 28422 0.001882
386 351 3 100 2209183 0.001887
22 105 3 100 55742 0.001890
346 337 3 100 2600438 0.001891
25 91 3 100 223464 0.001894
236 312 3 100 86609 0.001894
151 85 3 100 5304 0.001897
264 45 3 100 2324068 0.001898
120 215 3 100 2076985 0.001898
106 156 3 100 63180 0.001899
217 53 3 100 72085 0.001901
260 147 3 100 127997 0.001902
209 352 3 100 232121 0.001903
160 140 3 100 63873 0.001905
386 102 3 100 100929 0.001910
288 243 3 100 7277 0.001910
200 41 3 100 2310198 0.001917
99 116 3 100 1961375 0.001919
304 61 3 100 79281 0.001922
124 287 3 100 216119 0.001923
31 26 3 100 7386 0.001924
171 269 3 100 80802 0.001924
54 55 3 100 660115 0.001924
339 45 3 100 15731 0.001924
354 154 3 100 2240619 0.001926
22 34 3 100 78920 0.001926
179 281 3 100 2007562 0.001931
108 366 3 100 1811336 0.001931
297 306 3 100 35792 0.001938
76 181 3 100 2496396 0.001941
308 229 3 100 1789405 0.001944
52 23 3 100 95632 0.001945
72 210 3 100 1953602 0.001948
378 40 3 100 30750 0.001950
178 401 3 100 54246 0.001952
126 251 3 100 84242 0.001956
162 349 3 100 103753 0.001956
205 303 3 100 126995 0.001958
393 386 3 100 2396080 0.001959
123 130 3 100 2579093 0.001961
156 230 3 100 101264 0.001965
270 89 3 100 1994297 0.001965
139 353 3 100 1701637 0.001967
282 40 3 100 483889 0.001968
361 38 3 100 94442 0.001972
402 293 3 100 932547 0.001982
97 131 3 100 353155 0.001982
268 200 3 100 38441 0.001983
370 173 3 100 78638 0.001984
263 258 3 100 63448 0.001984
367 170 3 100 73157 0.001990
66 355 3 100 91678 0.001991
118 398 3 100 423456 0.001993
30 396 3 100 3084 0.001994
154 53 3 100 376416 0.001994
391 134 3 100 4444 0.001995
321 331 3 100 976826 0.001996
168 107 3 100 35267 0.001998
92 111 3 100 79577 0.001999
339 381 3 100 43355 0.002001
53 64 3 100 17351 0.002002
65 373 3 100 73678 0.002008
130 82 3 100 84323 0.002009
51 141 3 100 51072 0.002013
59 293 3 100 2034266 0.002017
393 145 3 100 2012585 0.002017
94 142 3 100 806276 0.002022
202 268 3 100 13495 0.002023
199 265 3 100 2200821 0.002023
94 211 3 100 9600 0.002025
38 403 3 100 343388 0.002025
385 84 3 100 19103 0.002026
383 290 3 100 50735 0.002027
167 379 3 100 56027 0.002027
229 48 3 100 1579304 0.002031
185 137 3 100 76101 0.002031
219 380 3 100 2415697 0.002036
186 145 3 100 88575 0.002037
232 255 3 100 98509 0.002039
381 117 3 100 87476 0.002040
307 45 3 100 42729 0.002046
50 338 3 100 1753055 0.002047
311 246 3 100 528810 0.002054
156 177 3 100 3174 0.002054
53 77 3 100 2400810 0.002060
68 216 3 100 49415 0.002061
58 302 3 100 500325 0.002063
359 106 3 100 22681 0.002064
193 126 3 100 2303454 0.002066
184 343 3 100 29069 0.002069
209 228 3 100 75573 0.002079
368 109 3 100 77399 0.002083
246 166 3 100 2504579 0.002084
22 151 3 100 22888 0.002085
383 364 3 100 10146 0.002090
81 278 3 100 637975 0.002094
341 163 3 100 2489375 0.002095
290 284 3 100 226306 0.002100
354 295 3 100 92644 0.002102
125 120 3 100 2352206 0.002103
363 192 3 100 1803051 0.002109
143 340 3 100 169916 0.002110
300 173 3 100 92514 0.002113
268 221 3 100 1866054 0.002115
294 324 3 100 2156761 0.002121
37 78 3 100 586507 0.002122
390 227 3 100 86401 0.002123
91 81 3 100 85080 0.002125
138 260 3 100 87098 0.002126
395 24 3 100 66308 0.002130
274 187 3 100 43544 0.002133
389 195 3 100 30836 0.002141
20 214 3 100 65890 0.002144
53 34 3 100 89173 0.002144
204 160 3 100 83567 0.002146
305 109 3 100 908296 0.002150
181 284 3 100 474178 0.002150
309 99 3 100 90923 0.002155
301 380 3 100 45624 0.002157
195 139 3 100 86099 0.002158
368 122 3 100 49857 0.002158
160 136 3 100 1043732 0.002159
253 162 3 100 1717249 0.002159
111 370 3 100 39857 0.002163
146 170 3 100 12009 0.002164
86 115 3 100 19066 0.002171
163 392 3 100 69682 0.002177
325 366 3 100 8473 0.002177
158 92 3 100 832351 0.002186
258 380 3 100 19884 0.002187
402 352 3 100 464345 0.002189
72 152 3 100 63389 0.002195
400 169 3 100 11612 0.002197
41 233 3 100 81944 0.002200
42 117 3 100 249806 0.002203
169 135 3 100 34953 0.002204
219 259 3 100 290774 0.002205
49 161 3 100 75534 0.002209
296 57 3 100 2462407 0.002210
238 121 3 100 54693 0.002217
67 288 3 100 1798363 0.002217
329 403 3 100 99325 0.002218
171 34 3 100 60002 0.002220
279 116 3 100 2479107 0.002220
42 190 3 100 32564 0.002221
45 154 3 100 48035 0.002223
259 364 3 100 7515 0.002223
28 343 3 100 68333 0.002226
276 328 3 100 39498 0.002228
82 179 3 100 66683 0.002230
25 86 3 100 44793 0.002230
150 364 3 100 241116 0.002233
36 91 3 100 59243 0.002234
390 72 3 100 99046 0.002235
208 333 3 100 1735980 0.002242
288 369 3 100 217810 0.002242
69 226 3 100 2265336 0.002243
266 377 3 100 2123501 0.002246
379 152 3 100 21883 0.002246
105 359 3 100 35209 0.002249
366 283 3 100 39893 0.002250
373 153 3 100 287049 0.002252
384 204 3 100 971830 0.002253
36 123 3 100 2113849 0.002255
310 108 3 100 2593507 0.002255
305 196 3 100 12461 0.002256
207 248 3 100 91704 0.002257
289 374 3 100 977016 0.002257
129 245 3 100 316712 0.002259
134 203 3 100 2371963 0.002269
268 117 3 100 911841 0.002269
379 83 3 100 70553 0.002271
107 251 3 100 59832 0.002271
81 342 3 100 1681853 0.002272
151 78 3 100 2014782 0.002278
75 193 3 100 2156329 0.002281
301 296 3 100 64626 0.002282
367 335 3 100 54292 0.002282
276 212 3 100 2135819 0.002283
290 186 3 100 19240 0.002284
83 392 3 100 73052 0.002285
146 162 3 100 76622 0.002286
350 137 3 100 307086 0.002286
114 250 3 100 53233 0.002288
200 329 3 100 2242418 0.002288
217 355 3 100 74159 0.002288
28 99 3 100 433637 0.002289
265 389 3 100 58142 0.002290
76 336 3 100 61476 0.002290
75 182 3 100 79253 0.002290
322 158 3 100 80749 0.002292
333 216 3 100 85287 0.002295
87 344 3 100 54691 0.002296
98 186 3 100 797287 0.002297
388 322 3 100 55671 0.002297
115 111 3 100 11735 0.002298
150 240 3 100 710431 0.002301
350 36 3 100 1675844 0.002301
308 58 3 100 2093262 0.002303
161 285 3 100 103046 0.002305
24 61 3 100 43562 0.002305
68 280 3 100 80378 0.002308
159 251 3 100 2561490 0.002309
240 193 3 100 61599 0.002310
135 80 3 100 78703 0.002312
380 23 3 100 92056 0.002315
83 77 3 100 73902 0.002319
163 304 3 100 2062724 0.002319
122 223 3 100 361926 0.002320
195 207 3 100 963130 0.002321
196 343 3 100 796919 0.002322
277 138 3 100 710486 0.002326
193 372 3 100 788446 0.002335
109 378 3 100 73452 0.002341
32 316 3 100 2067645 0.002342
120 163 3 100 1002912 0.002345
90 25 3 100 994395 0.002352
307 169 3 100 90660 0.002355
78 61 3 100 30167 0.002355
192 397 3 100 2103696 0.002356
37 194 3 100 55950 0.002356
212 110 3 100 2087043 0.002358
357 85 3 100 916713 0.002360
343 236 3 100 79970 0.002367
29 337 3 100 102734 0.002367
212 150 3 100 36711 0.002370
128 391 3 100 53985 0.002371
123 115 3 100 1685270 0.002375
199 108 3 100 1900798 0.002376
190 52 3 100 69561 0.002384
384 339 3 100 284174 0.002384
149 194 3 100 903745 0.002386
301 285 3 100 77403 0.002387
89 293 3 100 19491 0.002387
141 115 3 100 1760657 0.002388
46 204 3 100 82434 0.002388
374 48 3 100 89508 0.002391
356 227 3 100 29736 0.002392
120 218 3 100 349616 0.002392
248 176 3 100 92347 0.002393
372 352 3 100 17084 0.002394
178 379 3 100 57278 0.002396
357 82 3 100 359250 0.002397
372 34 3 100 102026 0.002397
144 234 3 100 370683 0.002398
241 220 3 100 1939240 0.002399
286 28 3 100 64382 0.002400
49 328 3 100 2314523 0.002400
324 248 3 100 104736 0.002400
190 71 3 100 1767865 0.002401
324 303 3 100 1585306 0.002402
114 163 3 100 409095 0.002402
225 308 3 100 64481 0.002404
341 378 3 100 26423 0.002406
319 180 3 100 558630 0.002409
73 360 3 100 2259550 0.002410
74 164 3 100 61492 0.002411
53 249 3 100 47632 0.002414
186 251 3 100 32945 0.002414
214 187 3 100 20627 0.002417
120 96 3 100 17563 0.002423
181 349 3 100 411514 0.002423
219 162 3 100 1745506 0.002425
323 234 3 100 700826 0.002428
296 266 3 100 2396070 0.002431
308 101 3 100 2066302 0.002432
174 313 3 100 1625760 0.002432
87 352 3 100 22018 0.002436
66 258 3 100 30148 0.002439
32 372 3 100 123 0.002442
124 74 3 100 93217 0.002442
246 346 3 100 31055 0.002443
256 311 3 100 2049164 0.002445
157 172 3 100 77811 0.002449
387 388 3 100 60824 0.002450
153 124 3 100 74923 0.002453
177 283 3 100 148820 0.002454
113 329 3 100 651529 0.002456
247 67 3 100 2132694 0.002457
188 72 3 100 2207808 0.002457
254 95 3 100 2485953 0.002461
141 289 3 100 414662 0.002462
239 191 3 100 2005577 0.002464
290 357 3 100 2312098 0.002464
118 251 3 100 1582151 0.002465
354 359 3 100 10215 0.002468
179 45 3 100 1955067 0.002468
266 330 3 100 835808 0.002470
79 335 3 100 1709597 0.002471
81 44 3 100 2184273 0.002471
289 91 3 100 2478377 0.002477
138 78 3 100 2474480 0.002478
141 47 3 100 763266 0.002478
202 368 3 100 653863 0.002479
255 201 3 100 2520117 0.002481
208 383 3 100 1665 0.002485
170 292 3 100 1856853 0.002491
306 221 3 100 71382 0.002493
201 119 3 100 49134 0.002493
348 56 3 100 75971 0.002497
188 324 3 100 27002 0.002499
390 400 3 100 87231 0.002499
90 367 3 100 3248 0.002501
304 188 3 100 782210 0.002503
190 391 3 100 256494 0.002504
359 291 3 100 23909 0.002506
82 182 3 100 35375 0.002507
99 224 3 100 88536 0.002507
342 101 3 100 2568084 0.002508
108 96 3 100 38513 0.002508
374 166 3 100 27275 0.002509
264 292 3 100 486961 0.002510
38 250 3 100 42387 0.002512
154 69 3 100 14242 0.002516
98 310 3 100 64631 0.002521
146 137 3 100 119482 0.002527
249 157 3 100 1720807 0.002529
67 22 3 100 47217 0.002533
396 21 3 100 859541 0.002535
376 190 3 100 20401 0.002537
141 368 3 100 90920 0.002538
263 392 3 100 55950 0.002539
184 64 3 100 2496238 0.002542
129 28 3 100 1785 0.002544
140 395 3 100 9306 0.002546
224 124 3 100 377197 0.002546
20 379 3 100 1816676 0.002547
105 23 3 100 2594223 0.002547
376 387 3 100 24440 0.002548
338 74 3 100 46137 0.002558
79 72 3 100 825202 0.002565
127 396 3 100 42842 0.002567
132 337 3 100 1642572 0.002568
274 232 3 100 68188 0.002574
210 72 3 100 12670 0.002577
83 29 3 100 2047521 0.002584
221 53 3 100 122262 0.002587
189 294 3 100 2348821 0.002587
81 340 3 100 401 0.002587
44 345 3 100 77929 0.002587
395 369 3 100 359103 0.002587
317 196 3 100 2196566 0.002590
59 250 3 100 2298669 0.002594
309 321 3 100 1693367 0.002596
376 45 3 100 774396 0.002597
325 392 3 100 2234215 0.002597
76 299 3 100 16628 0.002603
322 313 3 100 2260959 0.002604
232 369 3 100 68950 0.002604
244 27 3 100 87194 0.002606
156 40 3 100 8463 0.002609
291 371 3 100 1944864 0.002610
212 344 3 100 2350648 0.002610
133 157 3 100 739020 0.002613
229 305 3 100 61456 0.002615
174 277 3 100 2544196 0.002615
293 221 3 100 42687 0.002616
397 89 3 100 2404572 0.002617
134 106 3 100 1682261 0.002624
325 99 3 100 68016 0.002627
210 400 3 100 87482 0.002628
294 391 3 100 97101 0.002630
120 329 3 100 34839 0.002630
263 393 3 100 4348 0.002630
232 269 3 100 2289787 0.002631
158 180 3 100 66461 0.002631
131 51 3 100 126455 0.002632
196 331 3 100 47521 0.002632
150 325 3 100 1698529 0.002632
92 402 3 100 1870548 0.002634
89 310 3 100 83660 0.002635
265 379 3 100 142483 0.002636
219 66 3 100 69884 0.002636
312 326 3 100 97298 0.002638
166 186 3 100 22255 0.002642
342 132 3 100 52252 0.002647
296 388 3 100 13312 0.002649
400 74 3 100 2565115 0.002651
295 46 3 100 2453500 0.002652
244 353 3 100 97329 0.002655
255 216 3 100 43358 0.002657
398 170 3 100 37470 0.002659
355 371 3 100 96555 0.002660
257 304 3 100 819891 0.002662
279 250 3 100 312862 0.002663
175 82 3 100 50496 0.002664
323 94 3 100 97621 0.002666
105 80 3 100 2084338 0.002667
49 280 3 100 1873174 0.002669
378 315 3 100 2464092 0.002669
320 24 3 100 70422 0.002669
91 150 3 100 2103761 0.002670
207 235 3 100 2549732 0.002670
42 354 3 100 1843375 0.002676
22 225 3 100 28346 0.002676
231 241 3 100 1773209 0.002677
392 193 3 100 58256 0.002680
286 230 3 100 69315 0.002682
150 164 3 100 8708 0.002685
235 29 3 100 8825 0.002685
269 290 3 100 867947 0.002686
279 316 3 100 2564074 0.002692
293 124 3 100 71845 0.002694
373 72 3 100 12544 0.002699
140 96 3 100 243250 0.002701
94 234 3 100 72475 0.002701
95 278 3 100 585204 0.002701
368 183 3 100 1920870 0.002703
250 381 3 100 98027 0.002706
267 90 3 100 2070916 0.002706
388 375 3 100 77026 0.002712
68 251 3 100 2378047 0.002712
242 51 3 100 2483174 0.002713
59 135 3 100 201989 0.002713
290 317 3 100 2152253 0.002714
30 204 3 100 51673 0.002714
384 131 3 100 780949 0.002715
296 252 3 100 28148 0.002724
218 28 3 100 43413 0.002724
285 133 3 100 1826539 0.002726
322 160 3 100 1844080 0.002726
347 277 3 100 689474 0.002727
68 128 3 100 72585 0.002727
65 261 3 100 80827 0.002728
232 184 3 100 2285746 0.002728
327 323 3 100 25454 0.002730
41 193 3 100 2158674 0.002731
120 211 3 100 15037 0.002731
235 170 3 100 54194 0.002733
90 184 3 100 2534605 0.002738
50 176 3 100 6308 0.002738
248 122 3 100 86526 0.002738
91 183 3 100 2432202 0.002743
23 196 3 100 2530557 0.002745
297 315 3 100 2407021 0.002748
145 185 3 100 71577 0.002749
59 150 3 100 67153 0.002749
68 395 3 100 2598795 0.002753
150 54 3 100 19682 0.002755
116 187 3 100 98301 0.002768
153 105 3 100 94799 0.002768
368 328 3 100 68129 0.002770
206 343 3 100 9877 0.002770
334 85 3 100 54515 0.002781
194 298 3 100 98020 0.002788
292 195 3 100 859051 0.002789
72 302 3 100 2393379 0.002792
256 269 3 100 79881 0.002792
69 63 3 100 2351948 0.002793
281 391 3 100 12131 0.002794
364 134 3 100 60159 0.002795
253 112 3 100 1917638 0.002796
246 131 3 100 519929 0.002797
317 242 3 100 656183 0.002799
312 376 3 100 8414 0.002802
233 269 3 100 92600 0.002802
273 361 3 100 635928 0.002804
114 106 3 100 77362 0.002807
177 365 3 100 9274 0.002808
225 385 3 100 76397 0.002811
74 250 3 100 2103706 0.002812
122 167 3 100 191299 0.002814
50 62 3 100 27173 0.002814
218 156 3 100 468456 0.002814
297 28 3 100 1689643 0.002814
46 354 3 100 20699 0.002819
53 145 3 100 1879473 0.002822
72 325 3 100 86404 0.002822
150 217 3 100 733727 0.002825
102 75 3 100 4752 0.002829
69 186 3 100 103927 0.002829
104 217 3 100 100106 0.002829
71 203 3 100 47482 0.002830
211 226 3 100 15538 0.002830
274 200 3 100 75608 0.002830
281 235 3 100 43363 0.002831
198 261 3 100 602486 0.002838
295 198 3 100 1795276 0.002841
250 339 3 100 1878467 0.002841
387 368 3 100 1901279 0.002843
146 234 3 100 52524 0.002844
124 276 3 100 909365 0.002845
210 239 3 100 1669756 0.002845
151 380 3 100 2551992 0.002846
68 402 3 100 78879 0.002847
119 368 3 100 73959 0.002854
388 259 3 100 70590 0.002854
199 324 3 100 84136 0.002855
187 309 3 100 2926 0.002856
308 52 3 100 235244 0.002856
89 196 3 100 582225 0.002859
380 138 3 100 676390 0.002861
110 133 3 100 706 0.002868
372 82 3 100 22843 0.002868
383 22 3 100 74184 0.002870
57 223 3 100 92612 0.002872
388 111 3 100 1893640 0.002873
142 385 3 100 48887 0.002874
310 320 3 100 46588 0.002876
189 343 3 100 5272 0.002876
137 27 3 100 51047 0.002878
275 198 3 100 2227075 0.002880
349 51 3 100 80433 0.002880
144 164 3 100 85522 0.002880
230 155 3 100 2395176 0.002884
98 222 3 100 13643 0.002885
49 292 3 100 1968735 0.002887
149 320 3 100 37152 0.002888
373 332 3 100 509509 0.002890
105 217 3 100 1571346 0.002892
242 155 3 100 1902892 0.002893
151 220 3 100 1723089 0.002893
49 322 3 100 2191082 0.002893
222 315 3 100 207113 0.002893
280 119 3 100 598009 0.002894
380 388 3 100 2095404 0.002897
323 300 3 100 2135981 0.002898
302 155 3 100 86191 0.002905
128 256 3 100 241337 0.002905
54 181 3 100 329384 0.002906
403 301 3 100 2574617 0.002906
98 304 3 100 83063 0.002908
171 353 3 100 10352 0.002909
276 260 3 100 1863283 0.002910
345 101 3 100 2061082 0.002910
217 382 3 100 2430175 0.002912
268 26 3 100 97912 0.002913
344 23 3 100 2174756 0.002914
56 138 3 100 159039 0.002915
347 293 3 100 1843102 0.002917
135 271 3 100 103714 0.002918
398 114 3 100 25423 0.002918
364 284 3 100 2354811 0.002919
102 252 3 100 2186272 0.002922
222 131 3 100 89836 0.002922
394 301 3 100 758470 0.002925
155 164 3 100 19374 0.002925
180 249 3 100 27561 0.002928
229 397 3 100 2046230 0.002930
245 289 3 100 100148 0.002934
65 254 3 100 1014108 0.002939
261 72 3 100 22889 0.002939
212 155 3 100 19088 0.002941
268 370 3 100 179163 0.002942
362 308 3 100 1622171 0.002943
313 236 3 100 2274867 0.002947
307 140 3 100 2095926 0.002949
136 345 3 100 89608 0.002951
311 291 3 100 68134 0.002956
302 172 3 100 10137 0.002959
271 197 3 100 670244 0.002960
84 325 3 100 2040363 0.002960
196 28 3 100 33572 0.002961
167 380 3 100 18332 0.002964
339 166 3 100 41982 0.002965
342 216 3 100 96216 0.002971
277 366 3 100 75759 0.002973
234 62 3 100 839305 0.002974
147 382 3 100 2328300 0.002978
348 196 3 100 1955374 0.002980
329 226 3 100 99676 0.002984
345 301 3 100 545714 0.002985
181 77 3 100 22447 0.002986
294 184 3 100 2598798 0.002987
269 383 3 100 2408665 0.002988
140 70 3 100 94410 0.002990
315 92 3 100 1916214 0.002990
22 163 3 100 19704 0.002991
355 333 3 100 1928928 0.002991
220 127 3 100 15406 0.002996
312 280 3 100 2367542 0.002996
257 130 3 100 632091 0.002997
224 308 3 100 955964 0.002997
354 278 3 100 1845017 0.003000
375 61 3 100 96287 0.003003
257 180 3 100 47448 0.003003
113 402 3 100 2011295 0.003004
356 246 3 100 35089 0.003004
390 151 3 100 247075 0.003005
373 39 3 100 2517893 0.003006
285 70 3 100 1984196 0.003007
93 337 3 100 16308 0.003010
103 38 3 100 892895 0.003014
112 131 3 100 66591 0.003017
241 306 3 100 1825696 0.003018
343 203 3 100 2113687 0.003019
299 81 3 100 6036 0.003022
206 236 3 100 2136975 0.003024
339 395 3 100 82643 0.003030
202 254 3 100 91530 0.003030
94 153 3 100 556598 0.003032
384 244 3 100 4290 0.003033
196 379 3 100 94339 0.003033
73 112 3 100 2017254 0.003033
270 47 3 100 232359 0.003037
96 372 3 100 8004 0.003039
167 206 3 100 523582 0.003039
109 339 3 100 33660 0.003040
353 81 3 100 1726988 0.003041
121 394 3 100 37112 0.003041
86 84 3 100 751145 0.003041
349 267 3 100 92041 0.003043
259 160 3 100 23809 0.003044
402 370 3 100 842146 0.003048
342 317 3 100 44068 0.003049
365 315 3 100 7508 0.003050
220 36 3 100 358853 0.003063
295 365 3 100 80228 0.003064
68 329 3 100 7998 0.003065
105 103 3 100 1651752 0.003065
269 247 3 100 102244 0.003067
113 82 3 100 182300 0.003068
50 188 3 100 60252 0.003069
172 221 3 100 2045366 0.003070
363 205 3 100 76359 0.003070
294 223 3 100 1896111 0.003071
339 113 3 100 13915 0.003071
306 156 3 100 93098 0.003074
109 260 3 100 2036590 0.003080
156 113 3 100 59217 0.003080
28 292 3 100 17180 0.003081
28 47 3 100 55898 0.003084
104 44 3 100 44851 0.003087
74 290 3 100 32138 0.003088
286 311 3 100 79921 0.003089
141 339 3 100 61712 0.003090
108 342 3 100 101924 0.003095
171 121 3 100 95464 0.003096
176 50 3 100 94324 0.003100
205 94 3 100 26588 0.003103
198 273 3 100 48306 0.003106
177 371 3 100 103878 0.003108
246 267 3 100 2211118 0.003113
192 156 3 100 944707 0.003115
27 164 3 100 4762 0.003117
37 187 3 100 2114009 0.003119
309 258 3 100 18397 0.003121
341 139 3 100 45811 0.003123
58 201 3 100 2089995 0.003126
310 397 3 100 67926 0.003127
361 217 3 100 29102 0.003129
120 387 3 100 41627 0.003129
172 192 3 100 103478 0.003130
352 134 3 100 94945 0.003134
166 26 3 100 1599661 0.003135
120 164 3 100 12282 0.003136
365 333 3 100 42529 0.003138
281 53 3 100 2449532 0.003140
310 180 3 100 33729 0.003143
243 76 3 100 2347325 0.003145
223 125 3 100 44218 0.003146
23 293 3 100 1598927 0.003148
91 123 3 100 91149 0.003149
389 381 3 100 1854599 0.003151
357 233 3 100 39784 0.003152
372 230 3 100 451890 0.003153
296 193 3 100 34587 0.003155
205 383 3 100 2032241 0.003164
314 210 3 100 1842096 0.003166
123 353 3 100 2172135 0.003166
72 312 3 100 1756214 0.003168
55 259 3 100 74588 0.003170
360 358 3 100 63147 0.003172
283 166 3 100 272573 0.003178
36 133 3 100 1723160 0.003178
398 178 3 100 126134 0.003180
248 86 3 100 95022 0.003183
28 290 3 100 63871 0.003185
304 67 3 100 34346 0.003186
343 116 3 100 42030 0.003186
245 40 3 100 98049 0.003187
329 140 3 100 709627 0.003188
335 225 3 100 2498744 0.003188
232 225 3 100 82033 0.003190
232 224 3 100 2575464 0.003191
54 152 3 100 2504939 0.003192
163 151 3 100 691622 0.003192
268 265 3 100 104814 0.003194
323 366 3 100 713890 0.003197
381 274 3 100 70220 0.003200
236 101 3 100 1007569 0.003205
316 122 3 100 94578 0.003206
190 217 3 100 159821 0.003207
316 260 3 100 2566809 0.003208
186 196 3 100 2355596 0.003212
251 360 3 100 1636046 0.003217
157 396 3 100 59419 0.003218
152 116 3 100 2007749 0.003223
265 88 3 100 81427 0.003226
157 360 3 100 1896219 0.003230
53 198 3 100 942709 0.003233
81 316 3 100 50339 0.003238
41 260 3 100 16376 0.003242
86 66 3 100 697733 0.003243
48 243 3 100 42920 0.003243
73 126 3 100 11176 0.003243
155 183 3 100 95673 0.003245
74 298 3 100 48908 0.003250
23 398 3 100 53717 0.003255
189 382 3 100 1957561 0.003260
268 77 3 100 676665 0.003263
185 193 3 100 857578 0.003266
288 204 3 100 68629 0.003267
265 24 3 100 29432 0.003268
323 308 3 100 1831233 0.003271
383 152 3 100 2048597 0.003279
129 339 3 100 45535 0.003281
199 191 3 100 386397 0.003281
361 25 3 100 31000 0.003281
214 344 3 100 208457 0.003284
329 365 3 100 65253 0.003290
396 400 3 100 5479 0.003293
269 366 3 100 2281091 0.003295
141 178 3 100 1811654 0.003296
233 55 3 100 2132723 0.003296
389 140 3 100 40911 0.003297
370 268 3 100 1977486 0.003298
224 337 3 100 15784 0.003299
292 209 3 100 1687999 0.003301
68 169 3 100 7244 0.003306
62 73 3 100 2356706 0.003306
367 224 3 100 41425 0.003307
379 148 3 100 1872798 0.003314
221 400 3 100 44461 0.003316
347 250 3 100 1720661 0.003318
179 268 3 100 182414 0.003320
29 155 3 100 1932403 0.003320
263 184 3 100 84879 0.003323
342 31 3 100 71904 0.003325
223 338 3 100 103676 0.003338
101 355 3 100 23241 0.003341
213 335 3 100 149542 0.003343
37 313 3 100 25227 0.003344
88 149 3 100 1764975 0.003348
238 173 3 100 2294501 0.003350
53 195 3 100 27774 0.003350
238 66 3 100 43701 0.003351
229 55 3 100 2109718 0.003359
238 274 3 100 40995 0.003360
225 185 3 100 2098868 0.003363
184 391 3 100 62941 0.003368
388 384 3 100 95005 0.003372
162 199 3 100 9382 0.003373
287 122 3 100 98723 0.003376
321 20 3 100 2451917 0.003379
165 51 3 100 2067403 0.003379
366 269 3 100 81364 0.003383
234 148 3 100 54147 0.003383
219 59 3 100 44260 0.003385
79 245 3 100 236661 0.003386
379 102 3 100 2253371 0.003388
99 68 3 100 90471 0.003392
362 286 3 100 13886 0.003393
198 98 3 100 41406 0.003395
109 86 3 100 8958 0.003397
235 73 3 100 16965 0.003398
397 352 3 100 19251 0.003404
153 394 3 100 62633 0.003405
59 372 3 100 62055 0.003406
298 197 3 100 50930 0.003410
67 53 3 100 2027357 0.003410
266 143 3 100 47085 0.003412
282 217 3 100 1046008 0.003413
255 184 3 100 25930 0.003413
347 222 3 100 193358 0.003415
217 367 3 100 86457 0.003418
389 255 3 100 40114 0.003419
312 129 3 100 62051 0.003419
22 21 3 100 92379 0.003421
228 362 3 100 1661139 0.003425
311 378 3 100 432893 0.003428
264 166 3 100 31551 0.003429
87 162 3 100 24600 0.003432
52 235 3 100 54875 0.003434
225 387 3 100 47841 0.003436
68 387 3 100 66382 0.003436
184 323 3 100 60468 0.003436
119 165 3 100 27878 0.003438
30 261 3 100 2106233 0.003438
379 215 3 100 67901 0.003440
80 315 3 100 82225 0.003441
23 98 3 100 35274 0.003442
347 179 3 100 2527784 0.003442
385 86 3 100 11157 0.003445
71 69 3 100 2387634 0.003446
356 393 3 100 21053 0.003446
61 144 3 100 307674 0.003446
172 83 3 100 1754602 0.003447
203 216 3 100 2199331 0.003447
130 346 3 100 1894977 0.003449
274 149 3 100 1859418 0.003449
301 46 3 100 48038 0.003449
139 401 3 100 104426 0.003450
294 100 3 100 2372541 0.003454
290 65 3 100 942133 0.003454
366 330 3 100 8654 0.003454
240 402 3 100 2996 0.003458
138 125 3 100 9573 0.003463
25 226 3 100 31254 0.003467
255 243 3 100 51631 0.003468
109 237 3 100 31104 0.003469
119 65 3 100 95793 0.003470
227 160 3 100 430584 0.003472
225 398 3 100 65835 0.003477
139 387 3 100 2508540 0.003479
356 139 3 100 397059 0.003479
311 327 3 100 2292206 0.003479
161 335 3 100 76701 0.003480
189 316 3 100 974449 0.003480
402 229 3 100 548463 0.003480
187 354 3 100 430537 0.003483
318 78 3 100 102989 0.003485
278 306 3 100 1856521 0.003496
324 76 3 100 91783 0.003499
327 390 3 100 163688 0.003501
22 37 3 100 42910 0.003502
356 38 3 100 884067 0.003502
310 214 3 100 147498 0.003502
92 189 3 100 2455884 0.003505
306 402 3 100 80950 0.003510
248 262 3 100 12278 0.003512
60 121 3 100 2028617 0.003514
306 290 3 100 460038 0.003519
313 183 3 100 59216 0.003521
158 246 3 100 2092470 0.003523
199 176 3 100 790688 0.003523
346 53 3 100 8369 0.003525
344 341 3 100 2247862 0.003527
202 287 3 100 15020 0.003531
376 240 3 100 1690544 0.003531
212 65 3 100 41196 0.003533
183 336 3 100 5870 0.003533
395 78 3 100 64885 0.003534
64 118 3 100 70930 0.003536
234 363 3 100 78557 0.003537
44 382 3 100 9094 0.003537
263 387 3 100 2479852 0.003538
127 239 3 100 24322 0.003538
327 69 3 100 2284549 0.003538
112 124 3 100 1048418 0.003538
217 361 3 100 2232676 0.003539
398 226 3 100 2495470 0.003548
390 344 3 100 883640 0.003548
31 150 3 100 2386644 0.003548
50 82 3 100 2274558 0.003549
197 99 3 100 65335 0.003550
86 78 3 100 549262 0.003550
185 326 3 100 6776 0.003551
76 212 3 100 50350 0.003553
380 112 3 100 61847 0.003554
360 201 3 100 201505 0.003554
239 170 3 100 424143 0.003555
192 172 3 100 96705 0.003555
269 361 3 100 2442750 0.003560
380 168 3 100 60456 0.003564
366 90 3 100 21452 0.003564
131 27 3 100 24034 0.003565
282 296 3 100 63611 0.003569
204 286 3 100 70249 0.003571
228 356 3 100 983440 0.003571
301 294 3 100 1978016 0.003575
239 235 3 100 53940 0.003576
121 234 3 100 39609 0.003576
74 278 3 100 21825 0.003577
378 136 3 100 143622 0.003579
188 320 3 100 79945 0.003581
120 329 3 100 3810 0.003585
36 251 3 100 907354 0.003586
222 174 3 100 48989 0.003587
358 77 3 100 1580632 0.003587
389 255 3 100 2606772 0.003589
58 86 3 100 54222 0.003589
392 205 3 100 1597442 0.003590
270 392 3 100 2110824 0.003591
115 301 3 100 1701814 0.003595
306 124 3 100 2431520 0.003595
280 242 3 100 458105 0.003596
369 155 3 100 102405 0.003598
115 192 3 100 47542 0.003600
184 62 3 100 30172 0.003603
68 31 3 100 6394 0.003605
128 307 3 100 76193 0.003606
186 392 3 100 91764 0.003607
89 143 3 100 80087 0.003609
152 235 3 100 1601949 0.003610
111 100 3 100 89428 0.003610
128 184 3 100 2071515 0.003610
259 233 3 100 73461 0.003610
58 103 3 100 1749943 0.003610
123 272 3 100 494189 0.003611
343 45 3 100 72364 0.003614
291 75 3 100 87524 0.003615
28 209 3 100 66700 0.003618
195 134 3 100 965481 0.003618
78 356 3 100 1942232 0.003619
332 363 3 100 44272 0.003625
377 292 3 100 1908358 0.003627
230 349 3 100 777781 0.003627
142 253 3 100 95828 0.003630
165 352 3 100 2461897 0.003637
241 72 3 100 860659 0.003638
368 73 3 100 59227 0.003639
117 210 3 100 538226 0.003644
280 360 3 100 2530599 0.003644
31 84 3 100 1980379 0.003647
84 164 3 100 57164 0.003647
93 338 3 100 1936457 0.003649
88 188 3 100 21178 0.003651
259 239 3 100 1831092 0.003657
29 91 3 100 2547135 0.003660
287 75 3 100 19514 0.003660
262 249 3 100 2312129 0.003661
96 93 3 100 1024776 0.003662
315 236 3 100 337929 0.003663
199 88 3 100 58903 0.003665
356 166 3 100 2595406 0.003675
57 164 3 100 81033 0.003676
299 159 3 100 57465 0.003677
31 162 3 100 669672 0.003677
230 337 3 100 63364 0.003677
152 315 3 100 94623 0.003678
347 100 3 100 11985 0.003679
276 242 3 100 2353861 0.003680
315 389 3 100 18108 0.003685
212 64 3 100 20940 0.003688
203 180 3 100 2148686 0.003688
71 79 3 100 31240 0.003690
380 36 3 100 2579951 0.003690
297 378 3 100 38744 0.003692
147 235 3 100 62765 0.003694
244 320 3 100 82492 0.003698
356 347 3 100 1997647 0.003698
24 237 3 100 2369601 0.003698
174 33 3 100 2403222 0.003701
274 65 3 100 286550 0.003702
36 103 3 100 46173 0.003703
109 179 3 100 144879 0.003704
286 386 3 100 100376 0.003705
237 130 3 100 71430 0.003706
32 185 3 100 1660048 0.003706
371 168 3 100 603436 0.003708
273 197 3 100 119820 0.003709
353 155 3 100 94458 0.003709
153 206 3 100 1804939 0.003713
84 311 3 100 1816962 0.003715
268 141 3 100 1898652 0.003716
380 394 3 100 801570 0.003716
147 390 3 100 65801 0.003716
20 83 3 100 30680 0.003718
134 352 3 100 996185 0.003719
353 92 3 100 95606 0.003722
282 386 3 100 2347851 0.003723
202 184 3 100 2039007 0.003724
213 157 3 100 2130577 0.003727
28 291 3 100 1621773 0.003733
25 106 3 100 70754 0.003733
201 377 3 100 27488 0.003735
101 86 3 100 2069826 0.003736
68 30 3 100 43626 0.003737
266 69 3 100 717403 0.003738
113 394 3 100 37203 0.003739
277 139 3 100 16463 0.003743
189 84 3 100 1802730 0.003745
367 185 3 100 77178 0.003746
212 270 3 100 79267 0.003749
297 323 3 100 991306 0.003752
222 367 3 100 1826663 0.003754
26 342 3 100 2045415 0.003759
112 312 3 100 752212 0.003759
52 20 3 100 84282 0.003763
249 150 3 100 633375 0.003764
306 46 3 100 899300 0.003765
346 24 3 100 7569 0.003765
229 237 3 100 93477 0.003766
376 192 3 100 5689 0.003770
225 161 3 100 24401 0.003774
50 25 3 100 10082 0.003774
97 206 3 100 913911 0.003775
139 151 3 100 302800 0.003779
72 83 3 100 57242 0.003780
380 25 3 100 81193 0.003781
318 226 3 100 592866 0.003782
21 366 3 100 101897 0.003783
319 173 3 100 544851 0.003784
154 249 3 100 96943 0.003784
181 306 3 100 22227 0.003784
211 74 3 100 64100 0.003789
186 276 3 100 196869 0.003790
84 336 3 100 1006 0.003793
114 147 3 100 1665597 0.003797
37 342 3 100 2271219 0.003797
398 101 3 100 1812563 0.003804
27 212 3 100 652712 0.003806
358 396 3 100 39639 0.003809
130 100 3 100 47980 0.003810
25 361 3 100 2337225 0.003810
193 165 3 100 58705 0.003815
328 144 3 100 11100 0.003817
307 213 3 100 9539 0.003817
143 73 3 100 16098 0.003819
164 262 3 100 1568081 0.003821
103 274 3 100 891396 0.003822
133 149 3 100 75155 0.003826
120 29 3 100 2605944 0.003828
403 95 3 100 2157504 0.003833
209 276 3 100 48598 0.003836
185 39 3 100 23473 0.003837
335 371 3 100 344645 0.003838
277 289 3 100 49173 0.003839
286 192 3 100 74049 0.003840
244 223 3 100 1827434 0.003841
242 179 3 100 14937 0.003842
173 298 3 100 58050 0.003844
79 23 3 100 95470 0.003847
217 212 3 100 775692 0.003848
103 354 3 100 85768 0.003850
377 56 3 100 2214224 0.003853
133 107 3 100 2330162 0.003853
111 324 3 100 443848 0.003854
26 349 3 100 1868122 0.003857
64 138 3 100 1045777 0.003861
111 299 3 100 70991 0.003862
61 72 3 100 13482 0.003863
208 108 3 100 2334642 0.003867
317 374 3 100 75633 0.003870
175 111 3 100 28674 0.003872
378 395 3 100 1701077 0.003874
361 274 3 100 1881295 0.003874
358 64 3 100 286395 0.003875
402 59 3 100 4843 0.003881
157 308 3 100 55656 0.003881
273 271 3 100 2426588 0.003882
64 227 3 100 1830938 0.003886
215 398 3 100 1611572 0.003887
403 393 3 100 69154 0.003888
132 214 3 100 12481 0.003892
357 119 3 100 104235 0.003893
23 191 3 100 1573067 0.003895
151 256 3 100 2026044 0.003897
298 229 3 100 2435012 0.003899
24 113 3 100 2072580 0.003899
137 22 3 100 90868 0.003901
265 266 3 100 38106 0.003902
41 370 3 100 45696 0.003905
49 345 3 100 64723 0.003908
324 65 3 100 2435691 0.003908
260 273 3 100 1574884 0.003908
269 336 3 100 1935058 0.003908
313 62 3 100 18903 0.003908
222 365 3 100 54091 0.003911
158 171 3 100 1566570 0.003912
38 178 3 100 45435 0.003914
392 235 3 100 2229229 0.003916
94 319 3 100 71856 0.003919
32 403 3 100 46526 0.003920
39 349 3 100 397094 0.003921
223 282 3 100 15438 0.003922
298 160 3 100 101698 0.003925
127 177 3 100 2509730 0.003927
249 27 3 100 545890 0.003928
381 46 3 100 96338 0.003936
45 57 3 100 141474 0.003942
292 109 3 100 62306 0.003945
156 81 3 100 282169 0.003948
345 332 3 100 211740 0.003954
81 142 3 100 2573692 0.003954
183 174 3 100 76471 0.003954
340 109 3 100 71777 0.003955
374 137 3 100 5884 0.003955
216 297 3 100 2005742 0.003960
20 145 3 100 46724 0.003965
80 275 3 100 91768 0.003967
386 174 3 100 95512 0.003967
182 366 3 100 59988 0.003967
58 59 3 100 67183 0.003968
213 279 3 100 31953 0.003969
45 213 3 100 2579952 0.003973
343 338 3 100 949989 0.003974
303 203 3 100 411059 0.003976
202 286 3 100 23397 0.003978
119 359 3 100 2365555 0.003982
101 232 3 100 33911 0.003984
25 57 3 100 28686 0.003985
382 337 3 100 2075527 0.003986
174 41 3 100 180662 0.003989
34 350 3 100 2472327 0.003990
203 116 3 100 51315 0.003993
311 119 3 100 394622 0.003994
105 66 3 100 5539 0.003996
403 77 3 100 85451 0.003996
75 38 3 100 1914208 0.004001
185 401 3 100 2595740 0.004005
364 48 3 100 777660 0.004006
96 335 3 100 2484161 0.004007
272 136 3 100 64641 0.004008
277 402 3 100 2077888 0.004010
163 370 3 100 102922 0.004010
343 247 3 100 30561 0.004011
265 247 3 100 562673 0.004012
105 183 3 100 24404 0.004013
20 165 3 100 2237251 0.004013
258 175 3 100 91698 0.004015
169 202 3 100 22546 0.004015
269 190 3 100 1955996 0.004018
204 95 3 100 20651 0.004019
229 51 3 100 96527 0.004020
201 212 3 100 49239 0.004021
240 216 3 100 1872444 0.004026
243 74 3 100 1799124 0.004026
363 182 3 100 27699 0.004028
364 160 3 100 230038 0.004028
348 32 3 100 1911071 0.004028
101 148 3 100 28048 0.004031
341 269 3 100 741301 0.004032
181 219 3 100 18031 0.004034
119 52 3 100 66077 0.004035
217 27 3 100 97367 0.004036
306 350 3 100 408009 0.004037
30 382 3 100 89058 0.004039
290 279 3 100 11690 0.004042
396 325 3 100 14519 0.004045
181 206 3 100 73719 0.004047
329 263 3 100 79933 0.004050
394 236 3 100 1862400 0.004052
304 373 3 100 32189 0.004052
179 391 3 100 15407 0.004052
316 381 3 100 102341 0.004059
40 343 3 100 2235548 0.004061
172 180 3 100 39 0.004066
220 386 3 100 67612 0.004066
387 134 3 100 2409581 0.004068
37 232 3 100 23393 0.004068
348 311 3 100 1842590 0.004069
304 218 3 100 77174 0.004069
359 300 3 100 59311 0.004075
176 113 3 100 71474 0.004076
386 361 3 100 35764 0.004079
308 217 3 100 93592 0.004079
62 221 3 100 178566 0.004080
312 371 3 100 1917823 0.004082
138 83 3 100 83680 0.004083
346 204 3 100 1693029 0.004088
62 160 3 100 51804 0.004089
270 173 3 100 32458 0.004090
264 98 3 100 2035077 0.004093
92 196 3 100 2289850 0.004096
294 336 3 100 1704076 0.004096
271 358 3 100 3694 0.004102
61 391 3 100 86163 0.004103
40 71 3 100 832829 0.004104
290 194 3 100 1978236 0.004104
397 161 3 100 1911193 0.004105
175 245 3 100 1671284 0.004107
216 262 3 100 84902 0.004107
96 269 3 100 89210 0.004108
204 385 3 100 2455845 0.004117
80 387 3 100 32717 0.004118
150 342 3 100 93615 0.004119
155 312 3 100 28998 0.004120
116 277 3 100 677521 0.004121
292 176 3 100 2607546 0.004121
114 378 3 100 2434061 0.004123
395 384 3 100 858224 0.004131
180 268 3 100 356740 0.004133
356 355 3 100 1624539 0.004137
303 157 3 100 1743602 0.004138
184 163 3 100 15373 0.004141
50 163 3 100 48228 0.004142
164 199 3 100 1874616 0.004146
249 322 3 100 1864860 0.004148
249 289 3 100 89539 0.004151
251 183 3 100 78839 0.004153
359 323 3 100 1991326 0.004155
88 28 3 100 2557067 0.004156
312 275 3 100 74846 0.004160
62 366 3 100 1709480 0.004162
360 373 3 100 752548 0.004165
339 226 3 100 80653 0.004165
401 292 3 100 1866046 0.004168
143 388 3 100 98378 0.004169
178 279 3 100 13809 0.004170
200 283 3 100 73940 0.004171
288 105 3 100 90729 0.004172
139 348 3 100 795053 0.004173
153 271 3 100 7500 0.004173
186 311 3 100 821273 0.004176
140 20 3 100 707635 0.004178
66 91 3 100 2027225 0.004184
278 67 3 100 1820301 0.004185
393 331 3 100 1702053 0.004191
295 242 3 100 102068 0.004191
340 357 3 100 44717 0.004192
331 342 3 100 961881 0.004193
156 93 3 100 403176 0.004196
229 56 3 100 95434 0.004198
274 316 3 100 58569 0.004199
328 184 3 100 22668 0.004201
353 34 3 100 2470935 0.004201
159 202 3 100 1598892 0.004204
338 253 3 100 12556 0.004205
111 367 3 100 1949553 0.004205
145 204 3 100 66110 0.004212
24 61 3 100 1620604 0.004215
205 361 3 100 302974 0.004218
353 42 3 100 2061434 0.004219
317 115 3 100 21672 0.004220
345 129 3 100 38238 0.004221
296 346 3 100 67824 0.004226
193 33 3 100 344280 0.004226
203 140 3 100 1682106 0.004226
305 363 3 100 1710029 0.004226
55 111 3 100 1853684 0.004227
371 31 3 100 791624 0.004228
151 240 3 100 2465 0.004232
199 299 3 100 35513 0.004234
78 63 3 100 1690186 0.004236
253 176 3 100 21487 0.004237
379 287 3 100 69514 0.004238
293 209 3 100 55486 0.004238
132 401 3 100 1834338 0.004238
309 368 3 100 550425 0.004239
349 194 3 100 35388 0.004241
310 369 3 100 71387 0.004241
318 139 3 100 1962252 0.004242
273 92 3 100 97202 0.004242
208 384 3 100 17991 0.004243
126 257 3 100 35667 0.004245
200 320 3 100 2360364 0.004246
240 236 3 100 1955140 0.004248
90 201 3 100 73255 0.004248
40 139 3 100 2119452 0.004252
320 47 3 100 800700 0.004254
106 236 3 100 1924969 0.004257
167 188 3 100 43468 0.004264
289 38 3 100 90949 0.004264
156 169 3 100 96240 0.004269
337 169 3 100 1660115 0.004270
222 349 3 100 82879 0.004273
207 80 3 100 2450494 0.004278
26 389 3 100 1601176 0.004279
332 38 3 100 2101554 0.004280
320 285 3 100 85402 0.004280
55 25 3 100 67904 0.004283
187 252 3 100 42287 0.004286
251 118 3 100 86435 0.004287
340 271 3 100 1048319 0.004290
150 394 3 100 88137 0.004296
53 232 3 100 2084515 0.004296
293 400 3 100 1612471 0.004297
99 329 3 100 150191 0.004301
193 131 3 100 2078425 0.004302
249 130 3 100 77490 0.004308
206 21 3 100 1931263 0.004308
324 220 3 100 2249019 0.004309
379 316 3 100 505695 0.004309
194 310 3 100 49736 0.004310
183 322 3 100 788551 0.004311
63 392 3 100 29135 0.004314
399 64 3 100 629644 0.004315
29 71 3 100 3110 0.004320
228 37 3 100 908291 0.004320
393 327 3 100 1671556 0.004321
214 224 3 100 13639 0.004321
242 297 3 100 2214231 0.004321
291 253 3 100 51986 0.004325
136 354 3 100 70191 0.004327
359 197 3 100 35787 0.004328
128 366 3 100 37191 0.004328
323 241 3 100 54465 0.004332
267 185 3 100 97916 0.004337
76 343 3 100 61481 0.004340
32 259 3 100 56283 0.004340
173 230 3 100 1765622 0.004341
113 169 3 100 75946 0.004344
97 94 3 100 1669504 0.004344
169 132 3 100 221237 0.004344
194 315 3 100 75582 0.004345
173 356 3 100 1600382 0.004351
146 265 3 100 32883 0.004352
285 282 3 100 48404 0.004357
114 66 3 100 758114 0.004358
173 184 3 100 16005 0.004361
26 364 3 100 157721 0.004362
228 387 3 100 39069 0.004365
184 349 3 100 87445 0.004367
386 116 3 100 21794 0.004368
31 132 3 100 2577967 0.004370
340 20 3 100 2512172 0.004372
282 200 3 100 94004 0.004373
342 181 3 100 60836 0.004375
341 144 3 100 502480 0.004376
275 282 3 100 1947766 0.004380
176 167 3 100 53715 0.004381
54 279 3 100 45121 0.004381
94 109 3 100 967810 0.004382
220 294 3 100 71149 0.004382
108 78 3 100 2339995 0.004389
69 213 3 100 40434 0.004392
342 284 3 100 1759646 0.004393
69 281 3 100 65154 0.004393
82 111 3 100 25670 0.004395
385 194 3 100 7290 0.004399
362 221 3 100 75054 0.004401
345 200 3 100 55070 0.004402
320 297 3 100 52320 0.004402
335 44 3 100 67885 0.004402
113 259 3 100 26231 0.004403
55 358 3 100 11928 0.004404
48 225 3 100 48118 0.004404
162 249 3 100 123947 0.004405
253 55 3 100 51396 0.004408
356 33 3 100 80843 0.004408
196 114 3 100 633852 0.004409
82 95 3 100 99720 0.004411
32 234 3 100 69373 0.004414
186 251 3 100 926987 0.004414
282 24 3 100 2473055 0.004416
137 102 3 100 88465 0.004417
282 154 3 100 1609810 0.004418
343 70 3 100 84369 0.004422
90 190 3 100 80225 0.004422
222 258 3 100 102741 0.004424
69 365 3 100 2374301 0.004426
125 312 3 100 18086 0.004428
191 375 3 100 42314 0.004436
339 57 3 100 755995 0.004436
353 141 3 100 854891 0.004440
244 152 3 100 840241 0.004440
85 384 3 100 69285 0.004441
208 190 3 100 98628 0.004443
322 241 3 100 53813 0.004443
194 195 3 100 29230 0.004448
308 260 3 100 1865474 0.004448
133 284 3 100 2375049 0.004450
138 197 3 100 2552860 0.004455
195 204 3 100 1806871 0.004456
307 386 3 100 2420356 0.004459
30 194 3 100 2242869 0.004460
293 256 3 100 6148 0.004461
63 358 3 100 82745 0.004462
47 298 3 100 64704 0.004468
172 356 3 100 2473000 0.004473
57 398 3 100 2314082 0.004474
355 162 3 100 10473 0.004477
184 267 3 100 25228 0.004477
234 140 3 100 2594238 0.004486
116 85 3 100 2542254 0.004488
35 34 3 100 44476 0.004488
73 233 3 100 85801 0.004488
37 391 3 100 1805779 0.004491
24 121 3 100 296619 0.004491
255 222 3 100 1864799 0.004493
177 200 3 100 24209 0.004497
187 27 3 100 71828 0.004498
150 401 3 100 609614 0.004499
316 27 3 100 6238 0.004504
352 112 3 100 573886 0.004504
169 125 3 100 1900622 0.004509
107 313 3 100 19818 0.004511
33 150 3 100 66965 0.004511
167 46 3 100 60697 0.004514
285 126 3 100 31784 0.004516
396 339 3 100 585412 0.004519
87 238 3 100 2379451 0.004521
28 301 3 100 25154 0.004521
232 229 3 100 60623 0.004522
364 290 3 100 2080953 0.004523
247 221 3 100 970175 0.004529
351 280 3 100 1817494 0.004532
57 127 3 100 15264 0.004533
72 146 3 100 37255 0.004540
147 392 3 100 1906800 0.004542
148 181 3 100 53928 0.004542
56 359 3 100 4590 0.004546
231 195 3 100 1811611 0.004546
134 107 3 100 4845 0.004546
328 325 3 100 80544 0.004547
140 188 3 100 2446612 0.004549
290 267 3 100 27143 0.004550
47 193 3 100 79247 0.004552
388 44 3 100 56295 0.004556
272 259 3 100 33624 0.004557
169 294 3 100 57608 0.004558
317 168 3 100 2651 0.004560
118 121 3 100 88134 0.004562
185 232 3 100 643006 0.004569
117 336 3 100 80992 0.004573
36 361 3 100 10870 0.004573
200 60 3 100 2163088 0.004574
272 79 3 100 43720 0.004577
375 183 3 100 93549 0.004580
35 307 3 100 2610045 0.004581
302 189 3 100 457721 0.004581
368 85 3 100 2026344 0.004582
368 191 3 100 58662 0.004585
99 289 3 100 94964 0.004587
221 201 3 100 918887 0.004588
162 365 3 100 75559 0.004589
20 143 3 100 74511 0.004590
157 165 3 100 48967 0.004595
62 394 3 100 582211 0.004597
318 182 3 100 75678 0.004600
170 376 3 100 1648484 0.004602
288 205 3 100 92293 0.004604
23 133 3 100 35707 0.004605
137 23 3 100 40804 0.004609
208 321 3 100 1700147 0.004610
186 190 3 100 81049 0.004611
142 304 3 100 15492 0.004616
331 220 3 100 755062 0.004618
281 200 3 100 1942030 0.004621
36 380 3 100 80953 0.004621
102 27 3 100 78193 0.004623
172 295 3 100 1952265 0.004626
397 341 3 100 1992256 0.004628
371 265 3 100 1946390 0.004628
22 55 3 100 16566 0.004633
387 241 3 100 2225251 0.004633
204 41 3 100 54428 0.004633
103 349 3 100 34236 0.004635
171 200 3 100 103412 0.004635
183 126 3 100 1934880 0.004637
157 385 3 100 101218 0.004638
100 279 3 100 76936 0.004639
209 34 3 100 104541 0.004639
270 208 3 100 96040 0.004640
387 85 3 100 51912 0.004642
247 41 3 100 62459 0.004643
343 375 3 100 2514394 0.004643
252 259 3 100 1778870 0.004645
297 177 3 100 85268 0.004645
397 244 3 100 2134026 0.004647
167 47 3 100 7406 0.004653
325 36 3 100 641039 0.004654
156 121 3 100 23190 0.004656
125 388 3 100 103697 0.004656
81 392 3 100 2206807 0.004658
327 278 3 100 1856202 0.004662
205 273 3 100 2281343 0.004664
48 107 3 100 1599371 0.004666
156 217 3 100 689000 0.004666
54 21 3 100 24639 0.004668
75 167 3 100 580343 0.004669
108 339 3 100 55889 0.004671
294 47 3 100 2226318 0.004671
166 292 3 100 91590 0.004672
315 59 3 100 57330 0.004673
226 154 3 100 2168340 0.004675
68 77 3 100 1651842 0.004678
148 127 3 100 21336 0.004678
237 64 3 100 2528924 0.004679
223 104 3 100 25915 0.004680
51 230 3 100 26704 0.004681
280 229 3 100 2362596 0.004681
151 93 3 100 45109 0.004682
180 37 3 100 55209 0.004684
260 31 3 100 1760878 0.004685
398 393 3 100 99699 0.004686
96 154 3 100 2055807 0.004693
72 314 3 100 3440 0.004696
87 112 3 100 2093459 0.004696
139 75 3 100 126183 0.004696
198 28 3 100 1029486 0.004704
316 66 3 100 28685 0.004704
205 268 3 100 48841 0.004705
297 218 3 100 76462 0.004706
247 112 3 100 54363 0.004709
21 233 3 100 936255 0.004714
260 378 3 100 988371 0.004716
80 388 3 100 2144993 0.004723
224 39 3 100 2604912 0.004730
260 31 3 100 79230 0.004731
163 138 3 100 2556586 0.004731
381 111 3 100 483721 0.004733
250 131 3 100 2394658 0.004736
147 51 3 100 168984 0.004737
119 150 3 100 2313645 0.004739
133 63 3 100 243816 0.004740
313 340 3 100 56105 0.004742
265 252 3 100 1016025 0.004742
27 56 3 100 2422463 0.004745
172 344 3 100 82207 0.004746
284 296 3 100 28555 0.004746
34 168 3 100 16955 0.004746
73 170 3 100 1024426 0.004749
127 141 3 100 203680 0.004749
254 225 3 100 31216 0.004753
293 56 3 100 50338 0.004754
351 282 3 100 92371 0.004757
69 292 3 100 2498886 0.004758
319 309 3 100 64264 0.004758
191 247 3 100 2429850 0.004762
54 398 3 100 253316 0.004763
90 320 3 100 552 0.004764
290 268 3 100 82454 0.004767
241 108 3 100 43225 0.004767
324 72 3 100 55465 0.004768
224 91 3 100 654140 0.004768
218 163 3 100 25193 0.004769
57 324 3 100 45074 0.004770
132 333 3 100 56634 0.004772
116 335 3 100 2503060 0.004775
378 335 3 100 765621 0.004778
92 180 3 100 1698445 0.004780
34 221 3 100 31266 0.004782
188 151 3 100 35980 0.004785
106 278 3 100 15307 0.004787
200 395 3 100 26703 0.004788
245 142 3 100 9 0.004789
109 365 3 100 47621 0.004792
241 145 3 100 35515 0.004793
280 376 3 100 76806 0.004797
167 135 3 100 4396 0.004798
262 188 3 100 8923 0.004798
294 226 3 100 31544 0.004801
179 200 3 100 2591157 0.004803
116 124 3 100 45463 0.004806
192 266 3 100 67758 0.004806
360 216 3 100 1752581 0.004809
129 250 3 100 2239743 0.004810
184 60 3 100 82800 0.004810
172 170 3 100 53385 0.004814
393 366 3 100 2415578 0.004816
165 208 3 100 27463 0.004817
313 192 3 100 98087 0.004822
211 42 3 100 1792856 0.004823
375 159 3 100 85211 0.004823
114 171 3 100 1779402 0.004824
115 46 3 100 29885 0.004824
177 268 3 100 66969 0.004827
112 70 3 100 42684 0.004828
216 67 3 100 380961 0.004831
363 242 3 100 2091561 0.004832
371 226 3 100 80872 0.004834
124 135 3 100 597557 0.004835
178 244 3 100 449945 0.004835
375 213 3 100 1031372 0.004838
207 305 3 100 73324 0.004844
319 116 3 100 423851 0.004844
37 169 3 100 814858 0.004847
246 263 3 100 82960 0.004850
181 323 3 100 36164 0.004851
261 371 3 100 7408 0.004853
227 323 3 100 77618 0.004853
113 144 3 100 79463 0.004855
288 312 3 100 70300 0.004856
360 232 3 100 1696021 0.004859
344 376 3 100 2491100 0.004864
166 315 3 100 39860 0.004866
295 56 3 100 1574061 0.004867
178 47 3 100 16546 0.004868
321 354 3 100 212374 0.004869
155 245 3 100 1012087 0.004870
86 48 3 100 252668 0.004873
26 228 3 100 35652 0.004874
245 315 3 100 9200 0.004878
175 157 3 100 2196163 0.004891
286 138 3 100 61706 0.004891
54 117 3 100 81394 0.004891
196 199 3 100 896760 0.004895
348 141 3 100 45379 0.004896
49 274 3 100 717319 0.004900
371 279 3 100 47354 0.004902
211 62 3 100 318110 0.004903
235 291 3 100 1872995 0.004903
280 391 3 100 2506179 0.004904
194 37 3 100 2589386 0.004911
186 340 3 100 256514 0.004917
234 67 3 100 220752 0.004921
150 101 3 100 58411 0.004921
112 401 3 100 2057631 0.004921
76 316 3 100 43940 0.004922
33 302 3 100 169757 0.004924
47 317 3 100 83234 0.004924
100 226 3 100 18188 0.004924
36 27 3 100 335092 0.004925
393 29 3 100 37596 0.004926
78 328 3 100 60110 0.004930
254 317 3 100 79207 0.004932
354 357 3 100 63997 0.004933
132 379 3 100 65280 0.004934
287 65 3 100 22775 0.004938
393 321 3 100 114891 0.004939
234 387 3 100 4640 0.004940
317 82 3 100 159561 0.004941
258 288 3 100 19664 0.004941
255 246 3 100 1965606 0.004942
328 207 3 100 1628656 0.004942
270 219 3 100 1875335 0.004943
299 203 3 100 2611074 0.004943
63 277 3 100 2477731 0.004946
135 162 3 100 74753 0.004947
170 204 3 100 82686 0.004949
25 88 3 100 32507 0.004952
395 31 3 100 909423 0.004952
390 365 3 100 818811 0.004954
28 31 3 100 1013364 0.004954
307 311 3 100 753987 0.004954
326 323 3 100 1692441 0.004956
81 23 3 100 5979 0.004956
304 21 3 100 193221 0.004959
267 392 3 100 13708 0.004964
338 134 3 100 2474656 0.004966
315 341 3 100 82304 0.004970
278 106 3 100 70237 0.004972
78 74 3 100 42217 0.004974
119 377 3 100 1673538 0.004976
372 153 3 100 96133 0.004976
256 182 3 100 5631 0.004977
360 403 3 100 93605 0.004978
185 60 3 100 12661 0.004980
156 330 3 100 765065 0.004988
332 76 3 100 2119277 0.004989
272 95 3 100 578752 0.004993
42 207 3 100 29737 0.004994
138 83 3 100 51321 0.004996
111 45 3 100 1818210 0.004996
102 236 3 100 41327 0.004998
105 30 3 100 2363560 0.005000
