0a030020 0a03000b 10000 100 58875 23999 23973 24414
0a0b0010 0a090009 10000 100 16338 81999 14180 14597
0a050010 0a08001e 10000 100 98672 55999 41352 41788
0a0a0015 0a090001 10000 100 14140 92999 13462 13878
0a050020 0a08001c 10000 100 9465 98999 11921 12336
0a0a000a 0a0a0005 10000 100 48492 99999 20545 20984
0a0b000d 0a02001e 10000 100 5068 121999 10469 10883
0a040004 0a030013 10000 100 91553 109999 39014 39449
0a050007 0a06001f 10000 100 85026 121999 36850 37283
0a0b0003 0a000006 10000 100 31280 145000 19111 19532
0a070016 0a0a0006 10000 100 12914 277000 13054 13470
0a030015 0a000002 10000 100 25103 277000 17075 17494
0a070002 0a09000e 10000 100 49155 295999 25011 25436
0a030018 0a080003 10000 100 9831 313999 15133 12453
0a08001b 0a04001c 10000 100 32986 328999 19672 20093
0a030018 0a0b0019 10000 100 89696 308999 41641 38824
0a0a0020 0a0b0006 10000 100 52953 340000 26272 26697
0a050010 0a0b0004 10000 100 30008 349999 18770 19125
0a000010 0a0a0019 10000 100 4032 366000 10122 10536
0a03000f 0a03001f 10000 100 3619 382000 5736 6164
0a020011 0a090007 10000 100 20366 384000 15514 15932
0a0a0009 0a070011 10000 100 420971 268000 147713 148226
0a060009 0a000015 10000 100 60899 391000 28890 29317
0a09000c 0a0a000d 10000 100 81753 389999 35773 36205
0a000015 0a06001e 10000 100 8430 462999 11574 11989
0a04000d 0a080018 10000 100 48154 478000 24691 25116
0a03001c 0a050010 10000 100 5233 514000 10521 10936
0a000017 0a0b0015 10000 100 57815 498999 27886 28299
0a01001f 0a000005 10000 100 58694 573000 28169 28596
0a0b001a 0a000002 10000 100 42854 578999 22935 23358
0a07001c 0a04001d 10000 100 36651 613999 20959 21312
0a0b000a 0a050004 10000 100 63651 654999 29800 30228
0a040003 0a000002 10000 100 35091 671999 20376 20797
0a050006 0a09001e 10000 100 383871 556999 135466 135970
0a060010 0a010008 10000 100 853569 424999 290479 291097
0a050010 0a00001b 10000 100 15788 716999 14004 14421
0a04001d 0a070018 10000 100 57589 773000 27800 28227
0a01001e 0a080007 10000 100 66449 800999 30726 31154
0a070003 0a05001f 10000 100 2215 827000 9526 9939
0a030002 0a0a0004 10000 100 92792 805999 39410 39845
0a090013 0a030009 10000 100 51161 821000 25683 26109
0a0b0012 0a050012 10000 100 100763 808000 42051 42488
0a0a001c 0a070006 10000 100 33109 872999 19727 20148
0a0a001e 0a060011 10000 100 42654 911000 22871 23294
0a0b000e 0a03001e 10000 100 94831 921000 40093 40528
0a020015 0a09000f 10000 100 93967 930999 39801 40237
0a04001f 0a010017 10000 100 26310 987000 17560 17895
0a060006 0a090012 10000 100 42919 974999 36359 23379
0a05001f 0a03000a 10000 100 30829 1015000 18967 19387
0a020014 0a010003 10000 100 89261 1000000 38428 38685
0a02000d 0a0a0016 10000 100 60247 1012000 28941 29108
0a09001e 0a080014 10000 100 88265 1061000 37925 38351
0a000005 0a070005 10000 100 610815 900999 235114 210927
0a030003 0a02000a 10000 100 3494 1172999 9950 10364
0a070016 0a0a001b 10000 100 47691 1134000 62421 24952
0a0a0006 0a0a001a 10000 100 84871 1165000 32547 32994
0a050008 0a0a0008 10000 100 24063 1204999 16742 17161
0a090003 0a090006 10000 100 42133 1263000 18450 18888
0a05000e 0a08000b 10000 100 23251 1268999 16467 16886
0a02001d 0a0b000b 10000 100 1448 1332999 9240 9678
0a040019 0a040006 10000 100 11508 1366999 8335 8765
0a010015 0a000003 10000 100 83495 1353000 36345 36778
0a02001c 0a00001e 10000 100 3793 1458000 10046 10459
0a03000d 0a06001d 10000 100 65616 1451000 30444 30872
0a07000c 0a07001b 10000 100 49161 1474000 20759 21198
0a040003 0a0b0005 10000 100 92637 1417000 103915 39796
0a050018 0a010004 10000 100 89596 1510000 38358 38792
0a000004 0a030012 10000 100 104025 1516999 43125 43563
0a040005 0a080008 10000 100 69569 1590000 31754 32184
0a0b0002 0a080019 10000 100 22973 1616999 16378 16797
0a03001a 0a01001a 10000 100 63534 1616999 29763 30191
0a090005 0a0a001e 10000 100 21733 1639000 15966 16384
0a010013 0a060008 10000 100 52877 1644000 26247 26673
0a060004 0a000020 10000 100 27172 1685000 17767 18186
0a040002 0a080005 10000 100 91947 1670999 39159 39575
0a06000f 0a060008 10000 100 30010 1721000 14452 14885
0a07001a 0a0b000b 10000 100 61168 1755999 28976 29403
0a09001d 0a0a0006 10000 100 862000 1503999 293375 293872
0a0a0011 0a070001 10000 100 95921 1765999 40442 40877
0a09001f 0a0b001a 10000 100 67930 1776999 31214 31644
0a060005 0a010004 10000 100 55766 1781999 27240 27628
0a00001f 0a050007 10000 100 16012 1799999 14076 14492
0a0a0002 0a0a001b 10000 100 80890 1794999 31247 31674
0a07001c 0a030004 10000 100 30933 1812000 19000 19421
0a060013 0a030007 10000 100 12397 1832999 12978 13305
0a040005 0a080003 10000 100 21164 1861999 15858 16202
0a070002 0a0b0004 10000 100 90847 1874999 38792 39208
0a090017 0a01000b 10000 100 97277 1879000 42231 41327
0a07001c 0a01001f 10000 100 19442 1968999 15203 15621
0a020004 0a09000c 10000 100 14440 1982999 13558 13974
0a040003 0a06001c 10000 100 73581 1978000 33083 33513
0a03001d 0a090017 10000 100 97431 1458000 650650 41376
0a040020 0a010014 10000 100 59200 2138000 28331 28758
0a050007 0a00000b 10000 100 17628 2155999 14608 15025
0a040007 0a0a0018 10000 100 340569 2050000 121202 121684
0a09001a 0a080001 10000 100 45534 2174000 23823 24247
0a07001f 0a000005 10000 100 36622 2224999 20881 21303
0a080020 0a02000f 10000 100 968118 1920999 328579 328920
0a050005 0a00001a 10000 100 36885 2253999 20965 21387
0a08001a 0a070006 10000 100 30494 2276999 18860 19280
0a05000a 0a080014 10000 100 166821 2227999 68204 64303
0a0a0010 0a040006 10000 100 194 2311000 8238 9277
0a040018 0a06001d 10000 100 1023 2330000 8900 9542
0a01001a 0a000010 10000 100 60511 2328999 28765 29193
0a03000d 0a000001 10000 100 53848 2334000 26558 26984
0a050006 0a060009 10000 100 94149 2386999 42412 40295
0a0a0016 0a060002 10000 100 9386 2442000 11895 12311
0a040002 0a080001 10000 100 33825 2462999 19956 20377
0a0b0016 0a07001f 10000 100 54379 2461000 26857 27169
0a03000e 0a0a000e 10000 100 34287 2490000 20123 20525
0a010007 0a08001b 10000 100 16542 2508999 14260 14677
0a020006 0a0a000e 10000 100 37469 2524999 21171 21574
0a0a0019 0a070008 10000 100 9754 2566000 12013 12428
0a08001b 0a03001c 10000 100 97925 2573000 41113 41549
0a040017 0a040008 10000 100 59093 2590999 24043 24484
0a05000f 0a00001d 10000 100 20433 2602999 15535 15953
0a090018 0a080008 10000 100 22594 2608000 16257 16675
0a060020 0a0a000c 10000 100 10565 2614000 12288 12703
0a06001d 0a080002 10000 100 58455 2628999 28077 28504
0a030019 0a000020 10000 100 292613 2554999 105471 105846
0a08001e 0a08001a 10000 100 53809 2658000 22292 22731
0a0a000e 0a0b0003 10000 100 85640 2680000 37154 37495
0a050005 0a000006 10000 100 768627 2467000 262698 263040
0a02000d 0a060010 10000 100 49384 2719000 25085 25509
0a0a0018 0a09000a 10000 100 946640 2458999 321192 321832
0a060012 0a070011 10000 100 547176 2595000 189358 189902
0a080012 0a0b0017 10000 100 69022 2756000 31579 32008
0a000015 0a03001f 10000 100 85301 2769000 36938 37371
0a000017 0a050016 10000 100 828252 2546000 282122 282734
0a010011 0a02001b 10000 100 37973 2841000 21328 21750
0a070018 0a0b001e 10000 100 49947 2854000 25280 25705
0a09001f 0a02000c 10000 100 70003 2899000 43067 32322
0a010014 0a07000c 10000 100 31567 2936999 19218 19639
0a0b0002 0a070007 10000 100 19562 2978000 15360 15674
0a070003 0a01001e 10000 100 41386 2971000 22450 22873
0a0a0005 0a060010 10000 100 86597 2958000 37368 37801
0a030012 0a050002 10000 100 38627 2974000 21537 21960
0a000011 0a010017 10000 100 23762 2981000 16650 17049
0a040001 0a030002 10000 100 49822 2977000 26747 25665
0a01001c 0a03001b 10000 100 84531 2998999 36805 37125
0a030016 0a03001e 10000 100 56796 3017999 24431 23718
0a00001d 0a000020 10000 100 19783 3069999 11073 11505
0a0b0017 0a080019 10000 100 104277 3069999 43205 43643
0a000019 0a08000d 10000 100 99833 3092000 41738 42175
0a050004 0a020018 10000 100 103137 3102000 42826 43263
0a040008 0a030020 10000 100 49303 3142999 25059 25483
0a010015 0a03000b 10000 100 34810 3171999 20286 20707
0a000020 0a0b0003 10000 100 80161 3164000 35324 35680
0a030009 0a02001b 10000 100 31553 3206000 19214 19634
0a05000f 0a0b001c 10000 100 75235 3196000 33669 34058
0a000011 0a000010 10000 100 13281 3223000 8918 9348
0a070009 0a040007 10000 100 12520 3226999 12928 13344
0a0b0001 0a0b0010 10000 100 78134 3201999 55684 30776
0a01000b 0a040015 10000 100 810634 2724999 543235 276912
0a070010 0a03001b 10000 100 64619 3239000 30125 30553
0a04001b 0a00001c 10000 100 71954 3274000 32532 32962
0a0a0010 0a04001c 10000 100 14261 3320000 13500 13917
0a010006 0a000017 10000 100 67540 3321999 31090 31519
0a06001d 0a0b0020 10000 100 80967 3320000 35506 35938
0a070012 0a010017 10000 100 84638 3318999 36745 37159
0a02001d 0a0b0010 10000 100 102518 3331000 42628 43065
0a0a001c 0a00001e 10000 100 89512 3374999 38331 38765
0a060011 0a05000f 10000 100 55125 3395000 26982 27408
0a03000d 0a03001f 10000 100 97770 3409999 36809 37260
0a020008 0a01001c 10000 100 56090 3431000 27306 27732
0a06001b 0a040001 10000 100 99728 3408000 74746 42142
0a020004 0a0a0015 10000 100 70077 3510999 31916 32346
0a06001f 0a070019 10000 100 77586 3575000 36564 34826
0a090010 0a000006 10000 100 78741 3583999 34798 35211
0a0a0003 0a050018 10000 100 78781 3591000 34792 35224
0a010017 0a01001c 10000 100 80241 3603999 31020 31466
0a060010 0a000007 10000 100 41338 3627000 22454 22858
0a04000b 0a010019 10000 100 91928 3635000 39134 39569
0a0b001f 0a030008 10000 100 50109 3697999 25332 25757
0a09001d 0a06000c 10000 100 65947 3709000 30550 30978
0a04001f 0a070020 10000 100 28079 3759000 28933 18477
0a080002 0a09001c 10000 100 325255 3683000 116123 116614
0a090008 0a040012 10000 100 33909 3791000 20100 20404
0a0b0007 0a060016 10000 100 78182 3851999 34619 35032
0a020001 0a0a000c 10000 100 21533 3919999 15902 16320
0a010010 0a010020 10000 100 14025 3942000 9171 9601
0a03000c 0a090016 10000 100 4456 3975000 10325 10672
0a060013 0a080020 10000 100 23527 3984999 16634 16974
0a030010 0a060020 10000 100 48772 3983999 40699 25313
0a010018 0a070011 10000 100 12703 4047000 13022 13403
0a020009 0a04000d 10000 100 48250 4074000 25549 25146
0a010008 0a0b0003 10000 100 485850 3930999 169233 169648
0a010003 0a09001b 10000 100 18453 4107000 14887 15304
0a03001a 0a010009 10000 100 831541 3919999 283205 283817
0a000018 0a0a000c 10000 100 40883 4192999 22289 22712
0a070010 0a090002 10000 100 827427 3837000 383537 282455
0a0b000e 0a010004 10000 100 5644 4218000 10653 11067
0a0a001c 0a010013 10000 100 11919 4229000 12774 13136
0a030017 0a070007 10000 100 35631 4224000 20549 20970
0a05000c 0a04000e 10000 100 7484 4242000 11257 11671
0a07001f 0a050003 10000 100 8281 4259999 11527 11942
0a010016 0a040007 10000 100 77338 4308000 34315 34746
0a0b0012 0a070010 10000 100 52926 4349999 27138 26689
0a0b001f 0a020016 10000 100 63284 4375999 29683 30111
0a050010 0a0a0013 10000 100 319720 4353000 114307 114797
0a060013 0a05001d 10000 100 94370 4440999 39930 40366
0a010013 0a04000a 10000 100 28285 4462999 18123 18543
0a020010 0a090002 10000 100 62704 4501999 29615 29910
0a0b000b 0a0b0007 10000 100 90353 4530000 34361 34809
0a02000d 0a060010 10001 100 20636 4556000 15600 16018
0a02000f 0a020015 10000 100 61713 4623000 24911 25353
0a0b0020 0a030007 10000 100 67029 4654000 31024 31340
0a0a0001 0a070008 10000 100 66374 4715999 30702 31130
0a09000a 0a070004 10000 100 44768 4739000 23666 23986
0a010010 0a090007 10000 100 41455 4745000 23332 22895
0a050012 0a0a0011 10000 100 80485 4733000 35352 35784
0a040016 0a000004 10000 100 479 4764000 8558 9368
0a050002 0a090020 10000 100 26792 4786999 17630 18049
0a070007 0a0b0007 10000 100 93879 4766000 39779 40208
0a020002 0a050006 10000 100 51470 4773999 43543 26208
0a07000c 0a020007 10000 100 7306 4852000 11200 11614
0a02001e 0a090018 10000 100 53696 4852999 26510 26935
0a08000a 0a00000f 10000 100 46608 4978999 24869 24606
0a010007 0a060012 10000 100 44792 4998999 23570 23994
0a080018 0a060014 10000 100 88787 4994000 38137 38533
0a07001a 0a07001e 10000 100 512497 1000000 5430288 174212
0a070017 0a07001e 10000 100 513018 1000000 5438229 174394
0a070020 0a07001e 10000 100 512144 1000000 5440222 174099
0a060014 0a07001e 10000 100 512341 1000000 5496456 178402
0a090014 0a07001e 10000 100 512547 1000000 5500271 178468
0a08000b 0a07001e 10000 100 512088 1000000 6192979 178321
0a01001e 0a07001e 10000 100 512963 1000000 6196432 178601
0a02000f 0a07001e 10000 100 512973 1000000 6199888 178604
0a050005 0a07001e 10000 100 512996 1000000 6203352 178611
0a040006 0a07001e 10000 100 512067 1000000 6589648 178314
0a00000a 0a07001e 10000 100 512608 1000000 6595462 178487
0a0a000e 0a07001e 10000 100 512603 1000000 6595830 178486
0a090002 0a07001e 10000 100 512793 1000000 6598734 178546
0a0a0016 0a07001e 10000 100 512472 1000000 6604505 178444
0a040016 0a07001e 10000 100 512060 1000000 7433824 178312
0a000001 0a07001e 10000 100 512151 1000000 7436522 178341
0a010013 0a07001e 10000 100 512402 1000000 7438805 178421
0a000006 0a07001e 10000 100 512212 1000000 7439048 178360
0a0b000a 0a07001e 10000 100 512305 1000000 7440805 178390
0a080005 0a07001e 10000 100 512979 1000000 7441293 178606
0a040003 0a07001e 10000 100 512535 1000000 7441639 178464
0a0a0020 0a07001e 10000 100 513015 1000000 7443639 178633
0a000007 0a07001e 10000 100 512908 1000000 7444104 178583
0a010006 0a07001e 10000 100 512954 1000000 7446564 178598
0a0a001b 0a07001e 10000 100 512748 1000000 7448463 178532
0a050014 0a07001e 10000 100 512977 1000000 7448950 178605
0a0b000d 0a07001e 10000 100 512003 1000000 7949571 178294
0a010017 0a07001e 10000 100 512121 1000000 7949785 178331
0a0b0004 0a07001e 10000 100 512374 1000000 7950080 178412
0a090004 0a07001e 10000 100 512349 1000000 7950862 178404
0a00001d 0a07001e 10000 100 512627 1000000 7951237 178493
0a020020 0a07001e 10000 100 512641 1000000 7952465 178498
0a020007 0a07001e 10000 100 512796 1000000 7952895 178547
0a060016 0a07001e 10000 100 512686 1000000 7953784 178512
0a06000b 0a07001e 10000 100 512801 1000000 7954215 178549
0a080020 0a07001e 10000 100 512714 1000000 7955113 178521
0a0b0003 0a07001e 10000 100 512556 1000000 7956160 178471
0a000019 0a07001e 10000 100 512799 1000000 7956509 178548
0a08001e 0a07001e 10000 100 512975 1000000 7956996 178605
0a040010 0a07001e 10000 100 512921 1000000 7959445 178587
0a020017 0a07001e 10000 100 512099 1000000 8461113 178324
0a0a0001 0a07001e 10000 100 512231 1000000 8461583 178367
0a060015 0a07001e 10000 100 512386 1000000 8461881 178416
0a0b001b 0a07001e 10000 100 512501 1000000 8462216 178453
0a000014 0a07001e 10000 100 512549 1000000 8462567 178468
0a01001d 0a07001e 10000 100 512624 1000000 8462942 178492
0a040002 0a07001e 10000 100 512676 1000000 8463369 178509
0a01000f 0a07001e 10000 100 512676 1000000 8463724 178509
0a08000a 0a07001e 10000 100 512873 1000000 8464294 178572
0a030017 0a07001e 10000 100 512144 1000000 11733492 178339
0a0b0001 0a0b0005 10000 100 37279638 533999 12793124 12316201
0a0b0015 0a070006 10000 100 34450375 3360000 11377412 11386093
0a08001a 0a060020 10000 100 34554516 3485999 11427889 11420493
0a01000b 0a02000c 10000 100 46956351 724999 15773147 15516077
0a04000d 0a06001f 10000 100 51952570 1659000 17154137 17166031
0a0b0005 0a090012 10000 100 56151210 348000 19012103 18552588
0a070019 0a080001 10000 100 62043845 3869000 20483265 20498566
0a0a001d 0a040001 10000 100 75407733 460000 24926905 24911852
0a000009 0a050006 10000 100 75053915 787000 24794775 24795005
0a030009 0a08001b 10000 100 72897598 4505000 24065003 24082912
0a030013 0a09000c 10000 100 79066888 3918999 26100929 26120260
0a06000b 0a0b0003 10000 100 85722619 4258999 28301535 28318246
0a08000c 0a05000a 10000 100 97077935 985999 32046639 32068223
0a08000f 0a030006 10000 100 98615522 2376000 32552027 32575994
0a090007 0a070020 10000 100 104258567 1958999 34428670 34439553
0a03001e 0a06001a 10000 100 109485621 1028999 36139773 36165740
0a070010 0a00001a 10000 100 127392076 4008000 42150928 42079173
0a0b001d 0a040019 10000 100 127000992 4697999 41919246 41950017
0a00000a 0a000008 10000 100 127000277 4753000 41914626 41945533
0a00000f 0a040010 10000 100 131936625 4477000 43552266 43579954
0a000013 0a03001d 10000 100 98753499 889000 65187931 32621560
0a080013 0a03001d 10000 100 125695590 436999 74078241 41518926
