0a020007 0a040019 10000 100 17178 999 14464 14881
0a04001c 0a0a0005 10000 100 14806 5999 13675 14091
0a08001a 0a0b0015 10000 100 90019 16999 38508 38943
0a000017 0a0b000e 10000 100 91515 21999 39114 39437
0a060010 0a080006 10000 100 22311 46999 16151 16569
0a050011 0a0a001d 10000 100 62334 39999 29364 29792
0a00001d 0a0a0001 10000 100 59810 41999 28526 28953
0a04000b 0a060020 10000 100 87054 44999 37529 37963
0a060013 0a070014 10000 100 18782 102999 14992 15409
0a0a001b 0a07000f 10000 100 290886 16999 104780 105263
0a03000f 0a070016 10000 100 7001 110999 11180 11517
0a0a0015 0a030002 10000 100 32866 114999 19634 20055
0a05000a 0a0a001e 10000 100 14658 125000 13627 14044
0a06000e 0a060007 10000 100 356121 22999 124020 122574
0a090011 0a05000c 10000 100 100367 105999 41909 42346
0a00000d 0a06000e 10000 100 92654 112999 40430 39801
0a050002 0a030018 10000 100 85480 126999 36995 37429
0a06000c 0a070019 10000 100 300590 70999 108097 108476
0a02000d 0a060007 10000 100 95826 139999 40411 40847
0a00001e 0a01001d 10000 100 10718 170999 12337 12752
0a060010 0a0a000b 10000 100 97842 143000 41086 41523
0a09001f 0a07000f 10000 100 102844 152999 45642 43169
0a030003 0a0a0018 10000 100 47113 179999 24343 24767
0a0a0017 0a06001f 10000 100 371 199999 8380 9334
0a05000e 0a04000a 10000 100 34620 190999 20225 20647
0a000012 0a0b0017 10000 100 57090 201999 27641 28067
0a040002 0a0a0011 10000 100 80649 193999 61630 35837
0a0b001c 0a02001f 10000 100 493536 90999 171668 172200
0a06000f 0a070020 10000 100 54112 264999 26696 27084
0a06000a 0a0b0007 10000 100 66362 266000 34029 31127
0a010014 0a02001c 10000 100 50353 280999 25410 25835
0a0a0016 0a0b0007 10000 100 27740 286999 19704 18368
0a090013 0a080014 10000 100 98032 275999 42542 41584
0a070008 0a09001f 10000 100 786517 52999 269658 268949
0a030018 0a040020 10000 100 63653 295999 29801 30229
0a000012 0a06001f 10000 100 48023 302999 24649 25074
0a02000f 0a00001e 10000 100 91632 288999 39162 39474
0a09000e 0a010013 10000 100 52948 306999 27862 26696
0a03001f 0a03000d 10000 100 13015 351999 8833 9263
0a06000b 0a0b0004 10000 100 57542 333999 27785 28212
0a080016 0a0b0011 10000 100 55569 335000 27139 27565
0a0a0006 0a030004 10000 100 90824 328000 38766 39200
0a07000c 0a010010 10000 100 7383 355000 13618 11639
0a08001f 0a090008 10000 100 26086 344000 25544 17824
0a05001b 0a020017 10000 100 19919 355999 15371 15789
0a040005 0a0a001d 10000 100 21145 358999 15778 16196
0a080008 0a070017 10000 100 32957 355999 19711 20084
0a060013 0a090001 10000 100 56073 349999 27300 27727
0a070014 0a0a001b 10000 100 71639 344999 32519 32861
0a090019 0a070010 10000 100 27983 373000 18026 18446
0a080015 0a070017 10000 100 65799 368000 30503 30931
0a0b0018 0a0a0017 10000 100 6829 402999 11047 11462
0a07000c 0a0a0011 10000 100 571268 192999 223926 197857
0a090006 0a060015 10000 100 50517 395000 25462 25887
0a0a0009 0a05000f 10000 100 53901 402999 26575 27001
0a080016 0a010006 10000 100 69840 369999 65627 32270
0a070002 0a05001a 10000 100 44929 402000 38005 24038
0a03000b 0a080011 10000 100 84667 404999 36786 37168
0a040019 0a030007 10000 100 97022 404000 40809 41245
0a0b000a 0a03001f 10000 100 14675 435000 13633 14049
0a0a0020 0a060002 10000 100 46860 424000 24799 24686
0a060011 0a010006 10000 100 584657 206999 242648 202280
0a050019 0a010006 10000 100 82873 382000 78048 36579
0a060001 0a000010 10000 100 1019706 125000 345513 345950
0a090005 0a050019 10000 100 63815 442000 30290 30281
0a000018 0a000015 10000 100 5251 471000 6273 6701
0a0b0012 0a070015 10000 100 40540 462999 23520 22602
0a000005 0a020019 10000 100 4448 473000 18140 10669
0a01001b 0a000018 10000 100 14380 478000 13538 13955
0a080013 0a010008 10000 100 1042079 139999 352677 353340
0a040008 0a060002 10000 100 81824 438000 62662 36228
0a00000e 0a00001c 10000 100 687423 279999 231393 231985
0a07001c 0a09000c 10000 100 94553 478000 40004 40440
0a09001e 0a080014 10000 100 86417 491000 38760 37744
0a070007 0a06001e 10000 100 35197 509000 21414 20831
0a0a0016 0a010003 10000 100 80805 509000 35619 35887
0a0b0017 0a080016 10000 100 30004 528000 18755 19123
0a08001d 0a01000f 10000 100 28165 532000 18706 18504
0a080006 0a08001d 10000 100 58135 533000 24082 24162
0a060014 0a01000a 10000 100 923200 239000 322438 314085
0a05000f 0a090017 10000 100 128789 469000 93268 51733
0a030001 0a050018 10000 100 296214 397000 169143 107029
0a07000a 0a00001e 10000 100 59005 541999 28268 28696
0a05000e 0a080014 10000 100 40900 549000 23130 22718
0a020002 0a03001e 10000 100 25931 555999 17433 17774
0a02000d 0a080009 10000 100 969468 257999 328830 329367
0a0b000e 0a0b001f 10000 100 66763 568999 26572 27015
0a040007 0a0b0002 10000 100 219082 532000 81166 81564
0a070001 0a060001 10000 100 70693 582000 32129 32559
0a080020 0a09000f 10000 100 97258 514000 104659 41320
0a080002 0a070004 10000 100 68100 589000 31331 31698
0a060012 0a050014 10000 100 15480 610999 13950 14322
0a080017 0a0b001d 10000 100 52915 582999 43386 26685
0a08000b 0a090002 10000 100 4651 643000 10443 10749
0a0b0006 0a04001a 10000 100 67555 627999 31588 31524
0a0a000d 0a000019 10000 100 19606 649999 15271 15688
0a070013 0a030007 10000 100 58621 619999 51857 28573
0a000006 0a040009 10000 100 45290 658999 23745 24168
0a040002 0a06001a 10000 100 51951 657000 25936 26361
0a08000c 0a09001a 10000 100 58223 675999 28003 28430
0a06001f 0a090017 10000 100 786214 409999 310752 268852
0a090002 0a020013 10000 100 1002996 386000 339857 340434
0a000008 0a0b001d 10000 100 432998 563000 169154 152198
0a0b000c 0a040018 10000 100 90180 703999 38630 38994
0a080020 0a01000d 10000 100 700997 487000 272286 240707
0a010011 0a080001 10000 100 49918 739999 25271 25696
0a020011 0a0b000b 10000 100 1012185 97999 676390 343467
0a000016 0a020013 10000 100 53881 756000 26685 26994
0a070015 0a050009 10000 100 43522 763000 23300 23587
0a08001e 0a050005 10000 100 18453 774999 14977 15304
0a03001d 0a010011 10000 100 21023 790000 15739 16157
0a040020 0a08001e 10000 100 17130 791999 14619 14865
0a06001a 0a090014 10000 100 61817 782000 29198 29626
0a000017 0a0a0002 10000 100 50599 784999 26430 25913
0a06001d 0a090009 10000 100 18733 796999 14976 15394
0a070002 0a030008 10000 100 64203 763000 51044 30405
0a07000b 0a07000f 10000 100 100294 779999 37632 38083
0a000001 0a080005 10000 100 43712 796000 23248 23648
0a03000b 0a030017 10000 100 51425 803000 22448 21953
0a050006 0a020020 10000 100 305870 717999 109846 110211
0a010005 0a000008 10000 100 63922 805999 30930 30315
0a040012 0a050019 10000 100 13745 823999 17386 13752
0a02000c 0a040001 10000 100 63465 810999 31013 30169
0a040012 0a050003 10000 100 902289 536000 311677 307179
0a0a000e 0a070002 10000 100 47435 822999 25127 24870
0a03000a 0a0b0013 10000 100 64573 842999 30343 30539
0a010015 0a0a0002 10000 100 100530 840000 43497 42414
0a00000d 0a01000e 10000 100 12892 872000 13047 13463
0a08000b 0a0b000e 10000 100 19713 884000 15416 15723
0a03000d 0a080020 10000 100 10790 888000 12360 12775
0a00000c 0a06001d 10000 100 36581 894999 20868 21289
0a02001d 0a08001b 10000 100 42252 897000 22742 23166
0a02000f 0a05000e 10000 100 1015350 577999 344001 344510
0a040017 0a01001b 10000 100 21987 903999 22930 16466
0a0a001c 0a080019 10000 100 326415 832999 120675 117001
0a050020 0a05000a 10000 100 1574 951000 5067 5494
0a07001f 0a060003 10000 100 619500 747999 213261 213783
0a0b000a 0a020011 10000 100 30732 956000 18957 19356
0a08000e 0a030018 10000 100 70265 943000 34366 32406
0a010006 0a070013 10000 100 80965 943000 35506 35938
0a020001 0a05001e 10000 100 85973 940999 37700 37602
0a08000c 0a020009 10000 100 75137 948999 33636 34027
0a080017 0a010016 10000 100 3940 962999 20262 10506
0a02001f 0a09001e 10000 100 9753 971999 14609 12428
0a050015 0a06001f 10000 100 80963 956999 35513 35937
0a050008 0a040006 10000 100 545883 818000 189251 189473
0a090019 0a010014 10000 100 854575 440000 577096 291419
0a010016 0a05000d 10000 100 864479 715000 318019 294696
0a0b0009 0a050016 10000 100 11118 1020000 15976 12880
0a060011 0a010018 10000 100 87683 974999 66392 38164
0a01000a 0a01000d 10000 100 88081 981000 62311 34052
0a070014 0a08000a 10000 100 17761 1028999 15005 15067
0a0a001e 0a060010 10000 100 949655 440999 605368 322827
0a0a000c 0a030018 10000 100 81411 1012000 35699 36096
0a0a001e 0a020005 10000 100 2843 1038999 9727 10140
0a00001f 0a07001e 10000 100 30054 1013000 38230 19139
0a040017 0a0b0016 10000 100 839399 757999 293392 286409
0a030013 0a04001a 10000 100 74864 1018999 34651 33924
0a020011 0a070011 10000 100 29948 1031000 28235 19090
0a050003 0a0b0004 10000 100 906358 745000 318791 308527
0a02000f 0a030006 10000 100 100501 1023000 41971 42404
0a03000c 0a01000b 10000 100 91211 1026999 39011 39324
0a0b0007 0a0a0017 10000 100 82607 1031000 36069 36494
0a0a0016 0a0a001e 10000 100 35735 1049000 27633 16763
0a02000f 0a08001d 10000 100 6967 1067000 11091 11506
0a080002 0a00000a 10000 100 449330 772000 313232 157593
0a03000e 0a02001b 10000 100 77654 1049000 37046 34848
0a080012 0a020009 10000 100 2204 1083999 9615 9936
0a0b0010 0a000014 10000 100 89896 1062999 38693 38888
0a07000e 0a05000c 10000 100 6483 1095999 12764 11351
0a090018 0a0b0006 10000 100 9546 1093999 15268 12362
0a03001a 0a03000a 10000 100 18339 1100999 10596 11028
0a080012 0a050004 10000 100 60568 1090000 29727 29211
0a0a000b 0a0a000a 10000 100 62765 1101999 25947 25689
0a02000b 0a09000f 10000 100 84555 1041999 95612 37133
0a06001b 0a080014 10000 100 71464 1085999 55798 32805
0a050008 0a0b001c 10000 100 428720 997999 150410 150783
0a02000b 0a01001c 10000 100 90251 1111999 38582 39017
0a060002 0a0a0014 10000 100 8017 1131999 20182 11857
0a070007 0a0b001b 10000 100 534460 961000 192687 185710
0a00000d 0a00000e 10000 100 65738 1108000 48060 26672
0a05001d 0a06000a 10000 100 76106 1083999 82897 34337
0a0b0016 0a00000a 10000 100 71778 970999 205026 32906
0a09000f 0a030012 10000 100 72749 1028000 158471 33232
0a010018 0a0a000a 10000 100 9822 1146000 41958 12450
0a0a0006 0a00000a 10000 100 796424 755000 443679 272211
0a08001c 0a09000a 10000 100 88844 1139999 62571 38551
0a0b0008 0a0b0004 10000 100 5321 1214000 6754 6724
0a080004 0a0a0018 10000 100 15601 1219999 18863 14361
0a0a001a 0a010019 10000 100 14778 1234000 13666 14082
0a060013 0a030010 10000 100 80929 1224999 35595 35926
0a04001e 0a090007 10000 100 38018 1242999 22107 21765
0a090016 0a06001b 10000 100 41525 1244000 23306 22918
0a060005 0a03000a 10000 100 39688 1247999 21991 22314
0a060009 0a08000e 10000 100 11431 1253999 16806 12980
0a01000f 0a070007 10000 100 88056 1224000 47750 38284
0a080019 0a000003 10000 100 3402327 154000 1135776 1132796
0a040016 0a04000f 10000 100 84464 1262000 33597 32864
0a0a0020 0a010016 10000 100 79963 1247000 73863 35617
0a06000a 0a07000f 10000 100 57922 1301999 28639 28334
0a040015 0a080009 10000 100 53591 1312999 26476 26902
0a06001c 0a090019 10000 100 48120 1314999 24680 25105
0a00001f 0a080020 10000 100 72511 1260999 80697 33156
0a02000d 0a040001 10000 100 32174 1317999 29722 19833
0a0a0014 0a06000f 10000 100 130307 1257000 94322 52234
0a00000a 0a0b0013 10000 100 852478 1067999 295219 290732
0a070001 0a060013 10000 100 41784 1340999 22700 23000
0a09001f 0a0a000e 10000 100 58810 1343999 28206 28633
0a0b000d 0a060017 10000 100 26724 1364999 18155 18028
0a070002 0a05000b 10000 100 135102 1286000 100010 53830
0a0a0006 0a030005 10000 100 16290 1371999 14230 14581
0a04000f 0a090018 10000 100 974407 995000 396757 330994
0a00000d 0a050011 10000 100 583303 1159000 233074 201832
0a040003 0a060020 10000 100 91937 1361000 39184 39572
0a050007 0a010017 10000 100 41451 1376999 23325 22894
0a060002 0a050005 10000 100 52991 1325999 77986 26710
0a0b000c 0a050008 10000 100 77181 1371999 34265 34696
0a000006 0a000016 10000 100 118143 1363000 43524 43979
0a060003 0a080018 10000 100 1000274 1074000 338917 339532
0a09001e 0a080007 10000 100 58434 1384000 45699 28497
0a06000c 0a00001b 10000 100 57442 1402000 27753 28180
0a06001b 0a0a001a 10000 100 775 1430000 9291 9463
0a020011 0a0b0004 10000 100 49704 1415999 26085 25627
0a02001a 0a030016 10000 100 57069 1311000 134660 28061
0a02001f 0a020001 10000 100 58474 1402999 44125 24270
0a030014 0a08001b 10000 100 950753 956999 491812 323179
0a0b0010 0a0b001f 10000 100 1036201 1103000 346691 347158
0a0b0007 0a05000d 10000 100 44408 1431999 24215 23871
0a010001 0a020001 10000 100 67529 1405999 54160 31515
0a07001a 0a0b001c 10000 100 4617 1456000 11423 10738
0a09000c 0a060001 10000 100 35671 1448000 31886 20983
0a030020 0a010009 10000 100 72821 1448999 32939 33255
0a070013 0a010013 10000 100 10864 1484000 12504 12799
0a06000e 0a050018 10000 100 88400 1410000 89655 38394
0a090011 0a02001f 10000 100 19013 1487000 15328 15483
0a06001d 0a080017 10000 100 62410 1476000 29745 29816
0a07001a 0a06001a 10000 100 693227 1268999 239101 238144
0a020007 0a04001b 10000 100 14912 1500000 13709 14125
0a070003 0a08001f 10000 100 3126 1505000 10660 10246
0a07001b 0a00000d 10000 100 90145 1477999 38627 38983
0a010017 0a020020 10000 100 858767 1224000 302315 292806
0a0a0002 0a0b000d 10000 100 89116 1469000 67993 38638
0a09001c 0a040008 10000 100 86366 1500999 38811 37728
0a010017 0a090004 10000 100 33610 1520000 19887 20308
0a080006 0a090006 10000 100 24458 1539000 17051 17287
0a0a0003 0a06001f 10000 100 100885 1363000 194432 42527
0a090006 0a06001f 10000 100 402139 1265999 296442 142016
0a08000e 0a02000d 10000 100 36371 1536000 27244 21222
0a000009 0a0b000e 10000 100 29556 1523000 45701 18965
0a020011 0a020017 10000 100 57069 1531000 42303 23821
0a070007 0a0a000b 10000 100 99315 1538000 42276 42009
0a040006 0a030020 10000 100 14495 1572000 13602 13992
0a000020 0a030004 10000 100 720368 1041000 551469 247105
0a0a0008 0a020004 10000 100 23408 1570999 23749 16936
0a050009 0a090006 10000 100 75711 1562000 33889 34210
0a060009 0a08001c 10000 100 96272 1559000 40583 41005
0a010011 0a070005 10000 100 81447 1564000 35694 36107
0a050011 0a080001 10000 100 10067 1592000 15210 12528
0a04000c 0a050020 10000 100 60436 1580999 29585 29169
0a050011 0a0a0001 10000 100 75130 1575999 36919 34024
0a000015 0a0a0013 10000 100 279881 1508000 105120 101634
0a090007 0a0b001c 10000 100 432752 1175999 437416 152119
0a04001c 0a07000d 10000 100 46754 1564999 50865 24652
0a040017 0a07000a 10000 100 89942 1575999 41128 38903
0a030005 0a04000a 10000 100 35397 1608000 20880 20895
0a060002 0a02001d 10000 100 483163 1121999 507105 168773
0a010009 0a09000f 10000 100 37763 1539000 91767 21683
0a04000f 0a0b0009 10000 100 917590 1299000 341597 312229
0a0a001e 0a0b000d 10000 100 21810 1623000 19140 16409
0a030006 0a000005 10000 100 32784 1567000 75540 20028
0a040018 0a090014 10000 100 48305 1619999 32664 25164
0a09000f 0a040001 10000 100 27737 1564999 88717 18367
0a030013 0a0a0012 10000 100 3122 1655999 10576 10245
0a080002 0a06001b 10000 100 218165 1484000 186795 81255
0a04000a 0a030012 10000 100 78354 1606999 65586 35087
0a06001b 0a090011 10000 100 763348 1157000 515961 261289
0a06000d 0a04000b 10000 100 89352 1641000 38360 38714
0a050020 0a02000b 10000 100 1032021 1330000 350148 350029
0a090008 0a000019 10000 100 745056 1425999 254920 255251
0a060010 0a0a0018 10000 100 13107 1376999 306476 13532
0a0a0003 0a00001a 10000 100 52849 1660000 26458 26664
0a060004 0a080016 10000 100 17157 1678000 14537 14874
0a08001e 0a000007 10000 100 74889 1678999 34672 33932
0a090018 0a000008 10000 100 36683 1694999 21525 21322
0a020016 0a090003 10000 100 18247 1709999 14821 15238
0a00000e 0a020017 10000 100 2958332 728000 1004842 986171
0a04001d 0a030007 10000 100 481773 1482999 256403 168313
0a02001d 0a00001c 10000 100 84045 1703000 36717 36969
0a08000c 0a050010 10000 100 85772 1680000 64883 37537
0a07000f 0a020019 10000 100 103397 1714999 43042 43346
0a050017 0a070016 10000 100 853409 1113999 652833 291030
0a070016 0a080006 10000 100 3542 1649000 123743 10379
0a0a001e 0a02000f 10000 100 29660 1758000 18578 18998
0a010014 0a020006 10000 100 98046 1453999 326148 41588
0a070001 0a060006 10000 100 1617 1775000 9334 9748
0a030017 0a000005 10000 100 5045669 56999 1733493 1675485
0a000009 0a020020 10000 100 52908 1721000 69978 26683
0a0b000e 0a030012 10000 100 801433 1495000 309300 273876
0a07000b 0a0b0016 10000 100 82961 1778000 36176 36607
0a020011 0a030020 10000 100 234473 1730999 86173 86642
0a01000a 0a08001a 10000 100 4452188 304999 1516460 1479504
0a020013 0a090010 10000 100 15324 1819000 13856 14272
0a020013 0a070018 10000 100 167807 1716999 119418 64618
0a01000f 0a000003 10000 100 51474 1812000 25970 26209
0a030018 0a070001 10000 100 3837 1830999 11049 10473
0a060013 0a010018 10000 100 102307 1748999 105428 42998
0a060017 0a09001e 10000 100 475076 1526999 328350 166093
0a0b001f 0a09000f 10000 100 13628 1760999 94819 13714
0a070015 0a0a0015 10000 100 2972 1848000 9841 10181
0a070006 0a08000e 10000 100 3243782 786000 1084495 1080433
0a0b0008 0a040020 10000 100 8232 1861000 11511 11926
0a07001e 0a00001a 10000 100 44792 1853000 23643 23994
0a010016 0a03000b 10000 100 36367 1825000 60057 21221
0a00001c 0a07000c 10000 100 18660 1882999 14953 15370
0a000003 0a0a001f 10000 100 78535 1864999 34713 35145
0a03000b 0a00000a 10000 100 77865 1846999 59791 34915
0a040006 0a060018 10000 100 4377 1897999 10232 10646
0a05000d 0a0a0014 10000 100 91667 1845000 69222 39485
0a08001f 0a08000d 10000 100 5403218 112999 1804518 1789331
0a0b001c 0a0a0008 10000 100 75235 1882999 34969 34058
0a010005 0a0b0007 10000 100 975771 1582000 337540 331446
0a04000f 0a05000f 10000 100 884554 1614999 306415 301319
0a030019 0a010012 10000 100 680063 1698000 238283 233793
0a000017 0a080008 10000 100 57496 1915000 28358 28197
0a020002 0a0a001b 10000 100 9831 1933000 12137 12453
0a040017 0a020004 10000 100 95850 1909000 43468 40855
0a04001d 0a06000f 10000 100 23176 1936000 17600 16862
0a0b0011 0a07001e 10000 100 40467 1938000 22263 22564
0a090002 0a0b0006 10000 100 102376 1933999 42789 43020
0a08000b 0a0b0018 10000 100 61677 1958999 29245 29581
0a0a0002 0a030001 10000 100 4837523 324000 1669845 1606758
0a050017 0a020004 10000 100 5611 1988999 12165 11056
0a05000f 0a01001a 10000 100 6450 1992999 11211 11340
0a00000d 0a090006 10000 100 68631 1981999 31471 31868
0a0b0018 0a030009 10000 100 58675 2005999 29064 28590
0a04001b 0a0a0018 10000 100 419408 1742000 294981 147711
0a07001d 0a020012 10000 100 795405 1763999 273374 271885
0a000013 0a03001e 10000 100 19897 2004999 37302 15782
0a06000b 0a030001 10000 100 97852 2013000 41189 41526
0a080010 0a050004 10000 100 35013 2040999 21057 20772
0a000007 0a05000a 10000 100 30584 2041999 28636 19309
0a060007 0a050001 10000 100 90171 2033000 38559 38991
0a030009 0a0b0012 10000 100 34659 2030000 42248 20659
0a05001f 0a010004 10000 100 53763 2043999 29980 26957
0a0a001e 0a030009 10000 100 4478 2064999 10448 10679
0a0b000e 0a080011 10000 100 39701 2062000 21929 22319
0a0b0016 0a020003 10000 100 33872 2066000 19971 20392
0a01000d 0a0a0009 10000 100 7261 2079999 11185 11600
0a05001f 0a030016 10000 100 68784 2057999 35348 31917
0a060017 0a09000c 10000 100 4238 2086000 10605 10602
0a08000c 0a07000d 10000 100 34235 2079000 31396 20508
0a060002 0a000020 10000 100 1043484 924000 1187443 353805
0a080020 0a060002 10000 100 77463 2077999 35887 34786
0a040004 0a070012 10000 100 65085 2086000 31329 30703
0a060008 0a0b000e 10000 100 72018 2098000 32686 32998
0a070020 0a020014 10000 100 24410 2109999 20947 17272
0a040005 0a000018 10000 100 48589 2099000 40711 25255
0a000005 0a09001e 10000 100 4874215 308999 1832704 1618868
0a040020 0a020004 10000 100 13022 2132000 13190 13505
0a0b0007 0a000001 10000 100 62066 2122000 29387 29706
0a05001a 0a0b0003 10000 100 531036 1719999 434913 184584
0a03001e 0a0b0011 10000 100 37552 2124000 33409 21616
0a090003 0a060010 10000 100 13212 1863000 297229 13566
0a06001c 0a0b0009 10000 100 71633 2132999 33705 32859
0a0b0016 0a05000d 10000 100 71550 2134000 33519 32833
0a060006 0a0a000a 10000 100 70872 2139999 33153 32616
0a01000b 0a060020 10000 100 44002 2150000 23402 23741
0a090012 0a0b0004 10000 100 23261 2164999 31665 16889
0a020008 0a070008 10000 100 33504 2177000 21244 20274
0a0a0019 0a010006 10000 100 74801 2164999 35381 33904
0a070017 0a030007 10000 100 97537 2145999 58042 41425
0a07001b 0a0a0003 10000 100 45606 2186000 24117 24270
0a01000a 0a030010 10000 100 32565 2207000 19734 19958
0a02001d 0a030002 10000 100 97182 2190999 40978 41296
0a020020 0a090018 10000 100 78630 2151999 86850 35175
0a060016 0a02001e 10000 100 31653 2220000 19494 19666
0a070013 0a080020 10000 100 318850 2131000 122577 114503
0a08000b 0a0b0013 10000 100 55734 2226999 32912 27618
0a070007 0a060004 10000 100 70718 2233999 32574 32567
0a0a0005 0a0b0003 10000 100 757902 1930000 339039 259500
0a00001b 0a06000b 10000 100 68472 2236999 32386 31817
0a05000b 0a040017 10000 100 84960 2193000 86461 37262
0a03001c 0a010014 10000 100 4769261 404999 1876761 1584208
0a0a0015 0a040017 10000 100 306461 2054999 232992 110416
0a030001 0a06001e 10000 100 18683 2279999 15202 15378
0a090019 0a010014 10001 100 38424 2007000 288692 21895
0a04001a 0a070018 10000 100 4744974 653999 1645643 1576190
0a000002 0a0a0009 10000 100 90777 2265999 38823 39185
0a000019 0a01001b 10000 100 108177 2260999 44766 44937
0a09001f 0a090017 10000 100 86895 2292000 33209 33657
0a000001 0a03000d 10000 100 7523 2321000 11284 11699
0a050020 0a020001 10000 100 53483 2289999 44509 26867
0a080013 0a020018 10000 100 620839 2116999 218183 214227
0a030019 0a00001c 10000 100 81491 2307000 35786 36121
0a09000e 0a0b0006 10000 100 55873 2318999 27606 27663
0a07001f 0a0a001a 10000 100 88350 2299999 47156 38378
0a00000b 0a02001f 10000 100 46902 2096999 251019 24700
0a040010 0a02000f 10000 100 245528 2191999 157718 90288
0a050003 0a07000a 10000 100 93841 2284000 70320 40196
0a0b0018 0a02000f 10000 100 235821 2219000 141845 87089
0a010019 0a09000a 10000 100 19624 2347000 15378 15694
0a040020 0a01000b 10000 100 88968 2335999 38215 38591
0a05001f 0a05001d 10000 100 5692 2315999 59206 6842
0a01001f 0a050008 10000 100 208658 2298999 78839 78120
0a0b0002 0a090001 10000 100 42534 2343000 36848 23256
0a00000c 0a0b0001 10000 100 30548 2364999 29862 19297
0a030019 0a0a0019 10000 100 84323 2360000 49495 37058
0a050009 0a03000d 10000 100 92693 2386999 40383 39814
0a060013 0a000003 10000 100 45924 2406999 23948 24371
0a000017 0a050009 10000 100 100796 2387999 43403 42499
0a0b0018 0a0a000c 10000 100 36376 2406000 27443 21224
0a01001c 0a05000a 10000 100 21016 2418000 15737 16155
0a060016 0a060018 10000 100 86061 2383999 60058 33390
0a0b0010 0a0a0006 10000 100 281137 2350999 101571 102051
0a060016 0a070002 10000 100 67755 2420999 43091 31588
0a05000d 0a02000c 10000 100 5898261 465999 1998151 1957054
0a06000b 0a010018 10000 100 93260 2286999 179841 40010
0a0b001c 0a06001f 10000 100 101951 2237999 230771 42868
0a08000d 0a080012 10000 100 700096 2053000 418224 236163
0a020020 0a0a0009 10000 100 67809 2396000 75886 31605
0a020005 0a02001c 10000 100 97485 2439999 36703 37153
0a090011 0a090004 10000 100 861330 2188999 288783 289417
0a05000c 0a090019 10000 100 48880 2461000 24978 25348
0a070012 0a00000d 10000 100 72838 2429999 56734 33260
0a00001b 0a030017 10000 100 36121 2465999 21009 21142
0a0a0003 0a020011 10000 100 98134 2454000 42912 41616
0a07001f 0a080012 10000 100 636961 2099000 401840 219555
0a0b001f 0a0a0003 10000 100 8582 2490000 11814 12038
0a000018 0a06000d 10000 100 455145 2350000 159099 159515
0a040015 0a0a0002 10000 100 2928018 1523000 991692 976163
0a070015 0a05001c 10000 100 760121 2256999 259634 260226
0a0a0010 0a0a000a 10000 100 37122 2491000 29099 17223
0a07001a 0a0b0012 10000 100 78984 2475000 62649 35288
0a04000e 0a04001c 10000 100 49553 2518999 21906 21339
0a030010 0a000019 10000 100 670678 2314000 230210 230698
0a04001e 0a01001f 10000 100 446763 2096000 450601 156741
0a0a0016 0a07001d 10000 100 86565 2500000 51240 37791
0a090005 0a0a0006 10000 100 10681 2544999 12751 12740
0a020002 0a030016 10000 100 17023 2544999 14622 14831
0a06001b 0a030001 10000 100 750257 2069999 503611 256977
0a0b0001 0a090001 10000 100 927171 2245000 328929 315402
0a09001d 0a0a0011 10000 100 84374 2518999 64754 37075
0a06000e 0a000017 10000 100 222807 2481000 105691 82786
0a040014 0a0a0017 10000 100 54528 2547999 44514 27217
0a02000c 0a080020 10000 100 21077 2577999 15834 16175
0a09000d 0a080005 10000 100 31327 2563999 37147 19547
0a020019 0a07001d 10000 100 1003330 1928000 674377 340541
0a00000f 0a09000c 10000 100 80916 2577999 36877 35922
0a000001 0a080012 10000 100 89029 2588000 38176 38610
0a020018 0a050007 10000 100 53857 2599999 27046 26987
0a060015 0a0b0017 10000 100 331132 2507000 127145 118556
0a040009 0a08000f 10000 100 72303 2586000 55165 33089
0a0a0004 0a08001b 10000 100 147 2634000 8200 9262
0a0a0013 0a07000b 10000 100 8362 2628999 14155 11968
0a06000a 0a05000c 10000 100 25446 2239000 412125 17603
0a05000c 0a070001 10000 100 144592 2595000 59875 56959
0a030003 0a030011 10000 100 45370 2622000 34547 19954
0a07000a 0a030004 10000 100 79944 2619999 37338 35611
0a090014 0a0a0007 10000 100 80559 2598000 63774 35808
0a010015 0a060014 10000 100 75119 2605000 59415 34021
0a02000d 0a0b0012 10000 100 29123 2605000 63199 18826
0a090003 0a070002 10000 100 64537 2628000 41305 30527
0a0b0017 0a050002 10000 100 15004 2655999 13795 14170
0a03001f 0a020009 10000 100 103040 2632999 42944 43232
0a04001f 0a0a0015 10000 100 59283 2651000 29164 28784
0a070012 0a060019 10000 100 79925 2624000 61202 35605
0a000009 0a00000c 10000 100 4490331 1059999 1628730 1487853
0a02000f 0a0b0007 10000 100 45836 2651000 38924 24343
0a090012 0a06000a 10000 100 791093 1740999 951502 270459
0a0a000d 0a06000a 10000 100 771679 2017000 677257 264047
0a090016 0a050012 10000 100 654624 2448999 249743 225392
0a00000a 0a020013 10000 100 102738 2657000 42727 43136
0a05001a 0a0b000e 10000 100 97340 2628999 72583 41347
0a05001d 0a080004 10000 100 863631 1747000 959611 294409
0a030001 0a080020 10000 100 104101 2667999 43149 43587
0a030018 0a090020 10000 100 75422 2664000 64187 34118
0a070002 0a0b0012 10000 100 7740295 12999 2715797 2565367
0a070017 0a04001d 10000 100 78517 2671999 66508 35139
0a060002 0a020001 10000 100 4552640 684000 2055244 1512677
0a08001b 0a060002 10000 100 99874 2700999 43155 42188
0a09001e 0a000003 10000 100 95831 2709000 40635 40848
0a000014 0a06001b 10000 100 10434 2739000 12593 12646
0a03000a 0a06000a 10000 100 79370 2308000 443702 35412
0a090006 0a050008 10000 100 38235 2732000 21420 21834
0a060007 0a070002 10000 100 98705 2700999 57488 41799
0a050017 0a0a000e 10000 100 66454 2713000 52374 31156
0a04000f 0a01000a 10000 100 27663 2772000 17954 18344
0a03000e 0a0b0003 10000 100 12070 2765000 39661 13200
0a05001d 0a0b0018 10000 100 65409 2657000 147995 30806
0a080015 0a03000a 10000 100 82469 2769999 38497 36434
0a000008 0a070004 10000 100 5589825 791000 2028451 1855190
0a040020 0a01001f 10000 100 43748 2801999 23843 23660
0a010015 0a0a0002 10001 100 20588 2802999 22890 16003
0a060015 0a080008 10000 100 54657 2792999 32919 27258
0a020010 0a050012 10000 100 231512 2589999 238186 85664
0a09001e 0a01001d 10000 100 32847 2824000 19688 20048
0a090020 0a010005 10000 100 560 2838999 8616 9394
0a09000b 0a0b000a 10000 100 45371 2825999 23771 24194
0a020006 0a05001d 10000 100 76947 2723999 128198 34621
0a03001d 0a010002 10000 100 713257 2608000 244301 244753
0a030017 0a030015 10000 100 758995 2380000 474781 255610
0a00000c 0a00001f 10000 100 100688 2785000 71345 38224
0a070004 0a07001e 10000 100 153007 2582999 285598 55504
0a000020 0a060013 10000 100 38763 2540999 333238 22003
0a000018 0a030016 10000 100 44631 2858999 23628 23942
0a000015 0a070008 10000 100 45882 2843000 42127 24358
0a020005 0a050019 10000 100 95887 2847999 40559 40866
0a060010 0a090018 10000 100 12266 2592999 297860 13263
0a080017 0a0b0018 10000 100 26566 2882000 17612 17977
0a030009 0a050018 10000 100 66503 2805000 96671 31172
0a010005 0a070019 10000 100 37326 2883000 21533 21528
0a030012 0a09000f 10000 100 5918192 506000 2407332 1963632
0a0a000f 0a01001d 10000 100 27645 2896000 17956 18338
0a0b0012 0a090004 10000 100 698202 2674999 248316 239782
0a0a0020 0a0b0013 10000 100 640966 2638999 284455 220883
0a080018 0a060003 10000 100 96724 2853000 73046 41150
0a0a0007 0a08000f 10000 100 739008 2560000 371619 253255
0a00001f 0a05000d 10000 100 64846 2863999 72442 30626
0a040019 0a020012 10000 100 9606 2926000 12089 12381
0a000006 0a050019 10000 100 69457 2912000 31831 32148
0a06000d 0a04001c 10000 100 6753 2932999 11454 11437
0a020018 0a080005 10000 100 302951 2837999 109055 109247
0a020010 0a02000c 10000 100 42995 2909999 47218 19163
0a020003 0a07001d 10000 100 37939 2931000 26296 21739
0a05000f 0a08000f 10000 100 363602 2756000 201483 129285
0a090009 0a010002 10000 100 29779 2942999 19062 19036
0a08000c 0a04001d 10000 100 4209367 1487999 1477715 1399312
0a00000d 0a0a0016 10000 100 66865 2941000 30999 31288
0a0a0001 0a080004 10000 100 71401 2909000 63100 32785
0a080011 0a00000d 10000 100 7723 2961000 11496 11763
0a010008 0a070004 10000 100 792939 2523000 450108 271065
0a030007 0a050018 10000 100 7323576 440999 2532626 2427747
0a09000d 0a060006 10000 100 85423 2945000 38617 37410
0a07000e 0a000009 10000 100 7072155 585000 2401199 2344712
0a080018 0a000013 10000 100 4110557 1601999 1402647 1366680
0a010004 0a0b000b 10000 100 316438 2471000 535358 113701
0a09000c 0a0b0002 10000 100 25490 2990000 25304 17617
0a070011 0a02000a 10000 100 9759 2929999 88644 12430
0a0a0017 0a010004 10000 100 12378 2984000 37410 13299
0a0a001c 0a03000d 10000 100 75806 2988000 36219 34241
0a04000b 0a0a0017 10000 100 74637 2945000 82320 33851
0a070018 0a06001b 10000 100 48158 3004000 25742 25117
0a05000c 0a01000b 10000 100 611322 2660000 376970 211089
0a06001b 0a020017 10000 100 544042 2635000 402847 188869
0a030018 0a040001 10000 100 3804719 1701000 1339417 1265678
0a020004 0a050011 10000 100 62828 2994000 50134 29950
0a02000a 0a070017 10000 100 576621 2834999 210375 199632
0a03001f 0a040009 10000 100 919911 2739000 312818 313002
0a08000e 0a000017 10000 100 92397 2997999 54114 39719
0a02000a 0a0a001f 10000 100 15153 3033999 21484 14217
0a05000a 0a040006 10000 100 36222 3037000 20753 21175
0a000016 0a040002 10000 100 56096 3030999 27308 27734
0a0b0006 0a050020 10000 100 142513 2968999 91441 56278
0a0b0001 0a0b0003 10000 100 100237 3030999 40727 38064
0a010018 0a09001d 10000 100 47395 2959999 119678 24857
0a07001f 0a030020 10000 100 254638 3004000 92870 93295
0a050008 0a0b000f 10000 100 90615 3069999 38857 39133
0a0b000b 0a010013 10000 100 96282 2818000 291321 41008
0a0b0009 0a0b000b 10000 100 8039823 13999 3096125 2660032
0a09000f 0a0b0011 10000 100 919849 2637000 481499 312982
0a000015 0a0a001e 10000 100 88147 3076000 66702 38313
0a080017 0a050003 10000 100 10721 3132999 12705 12753
0a040009 0a05000c 10000 100 26118 3134000 17533 17834
0a030005 0a01001b 10000 100 248281 3069999 90933 91199
0a08000f 0a01001e 10000 100 68036 3108999 53550 31678
0a040001 0a030004 10000 100 91880 3138000 40085 39553
0a060008 0a0a001c 10000 100 692789 2870999 307757 237988
0a05001f 0a02000f 10000 100 62818 3150000 29616 29946
0a010011 0a090012 10000 100 67666 3128999 53205 31559
0a090011 0a06001b 10000 100 12039 3174999 14187 13190
0a010006 0a010003 10000 100 419508 3053999 142975 143503
0a00000e 0a040017 10000 100 103323 2576000 625036 43323
0a02001c 0a0a001d 10000 100 15008 3190999 16208 14171
0a080013 0a06000a 10000 100 10123 3078000 129373 12546
0a020015 0a04000d 10000 100 32233 3190000 20674 19852
0a010020 0a080015 10000 100 5483 3200999 12450 11016
0a020013 0a08000e 10000 100 46925 3197000 24345 24707
0a030004 0a02001a 10000 100 80708 2177000 1046908 35856
0a08000a 0a0a0002 10000 100 747817 2968999 256783 256166
0a000011 0a030007 10000 100 68226 3184000 42227 31738
0a0a0002 0a0b0019 10000 100 104361 3152999 77875 43670
0a010009 0a000012 10000 100 1706 3229000 9363 9776
0a020020 0a040017 10000 100 4199153 1075000 2166135 1395936
0a04000e 0a0a001f 10000 100 38606 3223000 21551 21953
0a02000d 0a080019 10000 100 45783 3222000 38434 24326
0a00001f 0a090014 10000 100 3632242 801999 2462289 1208719
0a000006 0a070010 10000 100 103411 3223000 43019 43351
0a060018 0a060017 10000 100 6506 3259000 12239 7118
0a0a0003 0a010013 10000 100 9299 3271000 11893 12283
0a0b0006 0a06001f 10000 100 101729 3040999 254829 42797
0a04000b 0a020017 10000 100 934489 2874999 421967 317805
0a030017 0a0b001d 10000 100 845200 3013000 287742 288327
0a020006 0a020004 10000 100 37430 3288000 18297 17321
0a000007 0a090003 10000 100 69841 3255000 54428 32271
0a03000a 0a06000c 10000 100 95787 3269000 40573 40834
0a070017 0a0a001c 10000 100 623363 3030000 285208 215065
0a070012 0a08001a 10000 100 22265 3285000 31051 16555
0a050015 0a070003 10000 100 31244 3305999 19224 19520
0a0b000f 0a03001b 10000 100 48743 3307000 24880 25304
0a00001e 0a020015 10000 100 991477 2997000 336512 336625
0a020018 0a090012 10000 100 13412 3330000 13745 13630
0a01001e 0a040020 10000 100 60904 3298999 53333 29319
0a0b0005 0a060017 10000 100 6495 3344999 12973 11355
0a0b0011 0a040013 10000 100 549523 2722000 652099 190684
0a060008 0a020014 10000 100 45271 3337000 38556 24162
0a070001 0a05001c 10000 100 31932 3356000 19710 19756
0a02000e 0a05000f 10000 100 11370 3370999 12705 12961
0a090020 0a02001f 10000 100 109086 3344000 44789 45228
0a0b0002 0a050006 10000 100 85830 3354000 38862 37556
0a000015 0a060003 10000 100 31938 3367000 30198 19758
0a02001d 0a09000a 10000 100 91068 3360000 40309 39278
0a0b000a 0a0a0004 10000 100 43083 3377999 23061 23432
0a060014 0a02001b 10000 100 3193835 2099000 1306174 1063944
0a04001e 0a020007 10000 100 33851 3363000 43906 20385
0a01001f 0a040003 10000 100 27902 3380000 27228 18420
0a040015 0a040011 10000 100 30546 3409000 14623 15057
0a03001e 0a080010 10000 100 55069 3383000 45568 27390
0a0b0008 0a0b0010 10000 100 13947 3448000 9184 9576
0a01000e 0a07000a 10000 100 78927 3406000 61554 35270
0a03000e 0a08001c 10000 100 3538244 2177000 1297083 1177672
0a0a0013 0a060010 10000 100 8211563 471000 3006715 2720996
0a090011 0a080009 10000 100 92781 3399000 82822 39842
0a01001b 0a040017 10000 100 53442 3429000 56486 26854
0a0b000c 0a000010 10000 100 8768 3488999 12127 12097
0a0a0014 0a0b0019 10000 100 29576 3435000 66730 18971
0a080001 0a040016 10000 100 14239 3487000 18389 13910
0a0a0019 0a070005 10000 100 981704 3173000 344616 333406
0a090007 0a050009 10000 100 73120 3438000 80912 33351
0a00001c 0a090019 10000 100 326167 3298999 222302 116921
0a03000d 0a03001c 10000 100 58405 3501000 23807 24248
0a070020 0a080008 10000 100 103094 3484000 44304 43249
0a010018 0a0b000b 10000 100 285531 3322999 205312 103503
0a050007 0a080001 10000 100 70510 3467000 62459 32500
0a0a0003 0a0b0017 10000 100 28220 3514000 18212 18522
0a00000c 0a030018 10000 100 4829828 1846999 1687471 1604204
0a070010 0a050003 10000 100 4722 3521999 13075 10772
0a02001b 0a040013 10000 100 7402295 386000 3155856 2453736
0a070012 0a08000d 10000 100 1004197 2870000 678905 340834
0a05001e 0a020019 10000 100 85225 3452000 97066 37347
0a080014 0a080003 10000 100 10309426 141000 3410444 3409545
0a050003 0a000006 10000 100 24683 3514000 38281 17359
0a0b001d 0a0a0007 10000 100 36433 3452000 105043 21242
0a01001e 0a0a0001 10000 100 44537 3516000 47277 23912
0a070016 0a06001d 10000 100 27860 3544999 19000 18407
0a0b0020 0a010018 10000 100 9717424 257000 3313746 3218293
0a070006 0a0a0020 10000 100 15048 3566000 18638 14184
0a05000d 0a050002 10000 100 289012 3488999 99912 100408
0a01001d 0a040009 10000 100 70842 3559999 33399 32606
0a050019 0a020002 10000 100 11908 3580999 14536 13133
0a01001a 0a050016 10000 100 218241 3517999 80963 81279
0a08001b 0a000011 10000 100 611788 3200999 412219 211239
0a050001 0a05001a 10000 100 102851 3573999 39931 38932
0a08000e 0a040013 10000 100 368952 3046000 578387 131043
0a080008 0a0a0018 10000 100 8057813 809000 2815881 2670214
0a0b0002 0a00000c 10000 100 57355 3608999 27995 28152
0a0b0020 0a080018 10000 100 10471 3627000 12306 12658
0a010003 0a050013 10000 100 236700 3556999 87131 87370
0a010010 0a030007 10000 100 5770845 487999 3156903 1914975
0a020011 0a0b0007 10000 100 4236157 2224999 1423238 1408162
0a010004 0a0b001e 10000 100 54225 3644999 26950 27120
0a020004 0a02000f 10000 100 25867 3648000 29607 13513
0a08000b 0a06000a 10000 100 46887 3529000 157320 24695
0a07001d 0a080014 10000 100 53769 3664999 26559 26959
0a00001b 0a0a000f 10000 100 70793 3663000 32385 32591
0a070002 0a02000b 10000 100 63180 3621000 74702 30078
0a060004 0a000002 10000 100 798588 3426999 275189 272935
0a08001b 0a080006 10000 100 1009669 3164000 546005 338406
0a07001b 0a090009 10000 100 48699 3687999 30956 25290
0a050013 0a0b0019 10000 100 27118 3660000 61284 18169
0a060016 0a0b000b 10000 100 96547 3681999 40778 41093
0a0b000d 0a000007 10000 100 16413 3706000 25072 14621
0a03000e 0a090018 10000 100 33692 3652999 78921 20334
0a07000f 0a03000c 10000 100 82845 2543999 1195555 36570
0a08001b 0a040017 10000 100 18821 3693000 57219 15422
0a000018 0a050006 10000 100 22956 3755000 16824 16791
0a000010 0a06000e 10000 100 85141 3707999 64786 37320
0a040013 0a050019 10000 100 92008 3458999 317950 39594
0a04000f 0a080008 10000 100 34971 3765000 20448 20759
0a080012 0a0b0018 10000 100 101802 3745000 42541 42821
0a060012 0a010009 10000 100 25597 3768000 19923 17667
0a090017 0a06001c 10000 100 62982 3763999 30735 29999
0a00000f 0a030005 10000 100 62933 3765000 30770 29983
0a020019 0a070009 10000 100 4364497 1843999 1958082 1450536
0a010013 0a02001c 10000 100 79868 3766999 35530 35587
0a000001 0a0a0020 10000 100 100932 3642999 169468 42542
0a050012 0a01001b 10000 100 72762 3781000 32806 33236
0a06001b 0a06000a 10000 100 8519287 165999 3656044 2818376
0a050006 0a04001a 10000 100 5718062 1912999 1909953 1897547
0a07001c 0a030008 10000 100 77593 2727999 1096276 34828
0a03000b 0a00000b 10000 100 4413631 1613999 2213023 1466766
0a02001c 0a07001d 10000 100 92013 3788999 39695 39596
0a010018 0a01001d 10000 100 45035 3812999 19409 19847
0a010005 0a090014 10000 100 65597 3804999 30955 30866
0a0a001e 0a02001e 10000 100 895147 3531999 304441 304816
0a010020 0a06000f 10000 100 83160 3805999 36257 36671
0a040019 0a03001d 10000 100 80581 3808999 35383 35815
0a04001c 0a08000e 10000 100 339836 3501000 345116 121434
0a090017 0a030013 10000 100 37504 3831999 21181 21600
0a040009 0a060003 10000 100 21021 3837999 22693 16157
0a060017 0a040013 10000 100 47042 3586999 276655 24744
0a030005 0a0a001d 10000 100 55534 3733000 131612 27554
0a01001b 0a02000c 10000 100 7667 3853999 11330 11745
0a030007 0a080008 10000 100 1837 3863999 9507 9818
0a0b0007 0a02000d 10000 100 38736 3873999 22531 21994
0a03001b 0a0a0002 10000 100 48456 3872000 24884 25212
0a0b0015 0a030010 10000 100 78872 3828999 71070 35253
0a0a000a 0a040013 10000 100 67025 3585000 317918 31339
0a090009 0a010016 10000 100 49654 3864999 42531 25611
0a030002 0a01001d 10000 100 42398 3876000 36681 23212
0a080009 0a0b0020 10000 100 939 3876999 35790 9515
0a050017 0a04001b 10000 100 4812 3900999 11952 10801
0a02000f 0a05001b 10000 100 448189 3758000 157059 157213
0a07000f 0a080014 10000 100 97147 3840000 75509 41285
0a0b0020 0a000016 10000 100 100496 3876999 41970 42387
0a080001 0a070020 10000 100 709887 3680000 247714 243644
0a030014 0a000010 10000 100 265350 3762000 186916 96830
0a0b0004 0a04001a 10000 100 11464 3936000 15809 12991
0a000012 0a070002 10000 100 77783 3896999 59267 34889
0a020010 0a090009 10000 100 3289203 1549999 2409373 1095429
0a09001d 0a020007 10000 100 11032 3946999 12985 12853
0a08001a 0a06000c 10000 100 7262 3950999 13423 11600
0a03001f 0a040007 10000 100 262324 3870000 95487 95831
0a02000d 0a00000a 10000 100 100461 3890999 75123 42376
0a030002 0a05000d 10000 100 48283 3937000 40206 25157
0a06001d 0a070013 10000 100 7161954 1621999 2376364 2374369
0a04001f 0a080010 10000 100 302757 3893000 109004 109184
0a030019 0a090002 10000 100 953303 3370999 638254 324025
0a09001d 0a0b0010 10000 100 95695 3982000 40480 40805
0a070003 0a02001f 10000 100 96275 3985999 40582 41006
0a06000c 0a0a0003 10000 100 98502 3952999 73698 41734
0a04000b 0a040013 10000 100 239406 3589999 440749 84027
0a010017 0a0b000c 10000 100 33737 4041999 20106 20349
0a0a0003 0a060019 10000 100 76539 4028000 34181 34491
0a010005 0a020003 10000 100 9771 4050999 15764 12434
0a060010 0a0b0005 10000 100 57615 4040000 28660 28235
0a060004 0a000012 10000 100 508656 3908000 178700 177192
0a050004 0a03000e 10000 100 12197413 6999 4081416 4037279
0a010010 0a06000b 10000 100 89571 4021000 68748 38784
0a000006 0a060004 10000 100 98846 4048000 42689 41844
0a000005 0a04000c 10000 100 12907 4081000 17047 13468
0a0a001e 0a040008 10000 100 29077 4080000 18913 18811
0a000007 0a040010 10000 100 6430308 1371000 2742133 2132746
0a02001a 0a010011 10000 100 14295 2638999 1478928 13928
0a000013 0a030013 10000 100 65442 4076999 51532 30817
0a090006 0a000020 10000 100 46163 3784000 355729 24448
0a05000d 0a0a0020 10000 100 768013 3586999 553748 262843
0a08001d 0a05000b 10000 100 389443 3474999 667679 137815
0a040001 0a0a0017 10000 100 12077 3991999 153510 13202
0a03000f 0a090007 10000 100 33109 4104000 41633 20148
0a070018 0a04000e 10000 100 32892 4126999 19854 20063
0a040002 0a03001a 10000 100 66339 4126000 31865 31119
0a050017 0a020016 10000 100 24391 4128999 28878 17266
0a080018 0a01000d 10000 100 248916 4072000 91076 91402
0a0a0009 0a000015 10000 100 33408 4146000 20546 20243
0a020013 0a020020 10000 100 62013 4144000 25919 25449
0a01000f 0a050009 10000 100 24265 4152000 17959 17225
0a07001d 0a02001d 10000 100 74942 4139000 33642 33949
0a090012 0a06000e 10000 100 62621 4102999 70527 29883
0a020007 0a020015 10000 100 937542 3874999 314088 314588
0a0b0004 0a070014 10000 100 10548863 480999 3729503 3492863
0a090019 0a05001f 10000 100 14879 4164000 48933 14114
0a05001a 0a020008 10000 100 7325339 1544000 2669537 2428326
0a0a000f 0a060009 10000 100 19197 4203000 17176 15542
0a0a0014 0a000020 10000 100 9356605 756000 3467666 3099129
0a05001c 0a00000d 10000 100 844972 3937000 288030 288254
0a070003 0a00001d 10000 100 70998 4198999 32226 32656
0a0b0003 0a070007 10000 100 7510161 1999 4229267 2489359
0a070016 0a060009 10000 100 27829 4211000 22438 18397
0a0b0015 0a030009 10000 100 861969 3791999 451259 293862
0a0a0004 0a000006 10000 100 16171 4231999 14215 14543
0a0b000d 0a030009 10000 100 919449 3497999 748367 312839
0a04000f 0a060018 10000 100 65713 4189000 60495 30904
0a00000f 0a08000c 10000 100 60674 4219999 29899 29245
0a05000e 0a020012 10000 100 53960 4231000 26594 27020
0a0b0018 0a090012 10000 100 6880 4256000 11655 11478
0a000006 0a080015 10000 100 43711 4245999 30312 23648
0a010005 0a02001c 10000 100 690007 3993000 284149 237083
0a030020 0a04000e 10000 100 59783 4249000 28517 28944
0a010014 0a08001f 10000 100 7732768 1696000 2583139 2562881
0a06001d 0a030001 10000 100 83073 4248000 36211 36643
0a09000c 0a05001d 10000 100 10439822 616000 3689059 3456848
0a04000f 0a070020 10000 100 50280 4282000 25659 25811
0a02000b 0a070007 10000 100 27281 4283000 27461 18221
0a0b0008 0a010015 10000 100 582496 3859000 458647 201573
0a010016 0a040014 10000 100 69970 4277000 42988 32312
0a030009 0a09000d 10000 100 104209 4274000 50527 43622
0a000013 0a060018 10000 100 6781503 1978999 2345635 2248738
0a090012 0a080004 10000 100 16523 4312999 25026 14671
0a020003 0a0a0020 10000 100 74246 3989999 349521 33726
0a07001b 0a00000d 10001 100 183953 4275000 69656 69954
0a020005 0a040014 10000 100 90146 4279999 70657 38983
0a070010 0a010004 10000 100 16323 4333000 28048 14592
0a00001e 0a040008 10000 100 40384 4341000 22790 22537
0a080016 0a050009 10000 100 52309 4340000 26093 26476
0a0a0011 0a040009 10000 100 45840 4329999 37652 24344
0a09000e 0a0a0003 10000 100 62349 4335000 33737 29796
0a030003 0a02001a 10000 100 4670824 1229000 3141557 1551694
0a0a001d 0a0a001e 10000 100 90375 4147999 224994 34816
0a02000d 0a06001f 10000 100 9354950 1051999 3329330 3098584
0a060017 0a080005 10000 100 87084 4343999 38508 37973
0a01001b 0a000003 10000 100 63457 4353000 29972 30166
0a0b001b 0a010020 10000 100 50830 4368000 27026 25987
0a070007 0a040011 10000 100 9572 4388000 11955 12370
0a09000c 0a020005 10000 100 899396 3874999 525074 306222
0a0a0011 0a00000a 10000 100 73937 4362000 47191 33627
0a030012 0a0a0018 10000 100 80182 4348999 61636 35687
0a00001f 0a09000e 10000 100 9191518 112999 4298240 3044611
0a070015 0a0b001b 10000 100 86523 4373000 38503 37778
0a040019 0a000007 10000 100 10760 4399000 13807 12766
0a060007 0a04000d 10000 100 524058 4219999 193753 182274
0a050016 0a060010 10000 100 96070 4381000 41068 40940
0a0a001e 0a070001 10000 100 95152 4361000 70283 40631
0a010007 0a03000c 10000 100 5615841 1113000 3321516 1863776
0a070012 0a0a0015 10000 100 209725 4139000 299245 78462
0a060010 0a090014 10000 100 94834 4402999 40922 40529
0a060008 0a08001b 10000 100 91052 4407999 38838 39273
0a09001d 0a010019 10000 100 72814 4414999 32900 33253
0a000004 0a04001c 10000 100 2755 4439000 10608 10112
0a02000b 0a0b0001 10000 100 5408831 2626999 1826813 1795414
0a07000d 0a0a0011 10000 100 10248221 1038000 3421779 3393585
0a04001e 0a040013 10000 100 3333661 2056999 2409821 1105876
0a06001c 0a01000d 10000 100 42466 4439000 36432 23234
0a020011 0a0a0014 10000 100 94876 4429999 46171 40543
0a06001b 0a000017 10000 100 961525 3985999 492553 326749
0a02001f 0a0a000b 10000 100 858329 4052000 433832 292666
0a0b0006 0a03000c 10000 100 83617 2965999 1519954 36817
0a0b0001 0a0a0014 10000 100 52523 4455999 33018 26560
0a090017 0a0b0002 10000 100 11077 4475999 17617 12867
0a040008 0a010016 10000 100 9486678 286000 4212557 3142088
0a04000a 0a050008 10000 100 11246 4487999 15753 12921
0a02001c 0a090020 10000 100 101229 4462999 42308 42637
0a02000f 0a04001c 10000 100 47509 4483000 27076 24894
0a07000a 0a04001e 10000 100 55325 4464000 50294 27472
0a0a0001 0a060010 10000 100 8637 4503000 11753 12056
0a03000f 0a050018 10000 100 761200 3996000 521840 260586
0a00000c 0a04001d 10000 100 14222 4505000 17890 13904
0a09000f 0a05000e 10000 100 700841 4285999 243769 240657
0a070015 0a050013 10000 100 1844 4526999 9425 9820
0a09001a 0a01000e 10000 100 966592 4067999 469120 328416
0a0a0014 0a020002 10000 100 306824 4393000 144411 110532
0a0a0017 0a010016 10000 100 45642 4186999 356498 24281
0a050001 0a06001c 10000 100 57358 4520999 28558 28153
0a0b000f 0a02001b 10000 100 75103 4248000 302800 34016
0a020004 0a060015 10000 100 5347293 2226000 2340625 1775092
0a07001f 0a0a0007 10000 100 770104 3739999 827052 263528
0a07001a 0a030016 10000 100 84235 4531999 38170 37030
0a030009 0a03000c 10000 100 4679040 1428999 3143347 1550176
0a080003 0a08001c 10000 100 93689 4506999 66311 35908
0a040015 0a0a0007 10000 100 60956 3978999 598883 29335
0a080006 0a080014 10000 100 73396 4457000 124984 29199
0a000020 0a010018 10000 100 8142 4578999 11570 11897
0a0a0014 0a000011 10000 100 77860 4556000 34806 34913
0a0b0010 0a060019 10000 100 40218 4571000 22160 22484
0a0b001b 0a020010 10000 100 36637 4571999 21724 21307
0a000019 0a08000f 10000 100 371970 4460000 136138 132039
0a060002 0a050013 10000 100 87592 4530000 66370 38135
0a060010 0a010020 10000 100 60443 4569000 28959 29171
0a000009 0a000018 10000 100 35554 4571999 27121 16705
0a060007 0a070008 10000 100 78585 4545000 71331 35161
0a02001d 0a0b0006 10000 100 57764 4597000 27977 28283
0a090001 0a060008 10000 100 46586 4590000 39273 24599
0a04000b 0a050007 10000 100 3901316 3128000 1504816 1297572
0a040003 0a030019 10000 100 25491 4603000 34860 17618
0a0a0009 0a0a001b 10000 100 83828 4539999 100055 32645
0a090012 0a08000a 10000 100 832500 4065000 584416 284124
0a04001a 0a03001d 10000 100 1013606 4310999 343379 343937
0a03000c 0a05000d 10000 100 34643 3873000 783313 20654
0a060009 0a070013 10000 100 93342 4629999 40113 40037
0a080007 0a07001d 10000 100 46160 4616000 54118 24447
0a01000a 0a04000e 10000 100 833120 4386000 285940 284338
0a01001e 0a0a0003 10000 100 29795 4235000 436962 19041
0a080015 0a0b000e 10000 100 101905 4629000 43759 42854
0a0a0010 0a0a001b 10000 100 6375949 2485999 2190330 2110559
0a090012 0a080015 10000 100 8232720 1379000 3297365 2727981
0a06000f 0a01001a 10000 100 18916 4663999 15047 15452
0a09000a 0a01001e 10000 100 3937962 2951000 1730464 1309683
0a060002 0a01000e 10000 100 756778 4401000 290707 259125
0a040009 0a040019 10000 100 89363 4602000 93031 34477
0a0b001b 0a080002 10000 100 7097802 751999 3953289 2353180
0a05001d 0a090001 10000 100 21466 4678999 30335 16299
0a010018 0a070016 10000 100 98108 4655000 56870 41608
0a07000f 0a00001e 10000 100 503306 4288000 426097 175418
0a06001e 0a060018 10000 100 55993 4691999 24158 23461
0a03001f 0a080015 10000 100 33187 4694000 23532 20173
0a03000a 0a06000c 10001 100 288026 4623999 106956 104332
0a030009 0a04000a 10000 100 77764 4719000 36155 34883
0a050014 0a020009 10000 100 53575 4674000 88938 26896
0a060019 0a05000c 10000 100 7940 4752000 11560 11832
0a030008 0a080004 10000 100 231914 4641000 123036 85793
0a06000b 0a020017 10000 100 68392 4615000 166691 31792
0a01000d 0a040017 10000 100 18533 4727000 56474 15330
0a0b000b 0a050001 10000 100 66621 4760000 30889 31209
0a050011 0a090009 10000 100 38906 4768999 22715 22049
0a01000d 0a020008 10000 100 30076 4784000 18822 19146
0a02000f 0a04000f 10000 100 45794 4780000 24018 24330
0a04001f 0a0b0013 10000 100 378178 4636000 173694 134103
0a040018 0a07000a 10000 100 4841544 2609000 2202178 1608076
0a030011 0a02000a 10000 100 101369 4710999 101407 42682
0a080016 0a04000d 10000 100 6668 4802999 11302 11410
0a09000f 0a040007 10000 100 26607 4804000 17836 17990
0a00001b 0a060017 10000 100 40012 4793999 35006 22418
0a050018 0a000018 10000 100 52999 4769999 63954 26712
0a0b0008 0a090009 10000 100 26117 4540999 293770 17833
0a0b0005 0a04001d 10000 100 3860196 3144999 1693444 1283999
0a0b0003 0a070008 10000 100 14655 4827999 18430 14043
0a05001a 0a0b000b 10000 100 99942 4806999 42937 42210
0a02001d 0a050015 10000 100 143223 4747999 102899 56505
0a0b0014 0a070012 10000 100 1000379 4500999 351937 339566
0a08001d 0a0b001f 10000 100 870070 3619999 1234307 296546
0a05000d 0a040012 10000 100 13869 4846999 13485 13791
0a02001f 0a02000c 10000 100 69378 4836000 27439 27882
0a020010 0a0a0012 10000 100 718212 4147999 719574 246385
0a000014 0a00001e 10000 100 929728 4487999 382324 311996
0a09001e 0a060009 10000 100 381067 3428000 1452041 135058
0a070002 0a06000a 10000 100 27363 4834999 46254 18248
0a020015 0a04001f 10000 100 61735 4858000 29370 29600
0a03001c 0a0a001a 10000 100 24950 4871000 18491 17445
0a0b0016 0a0a0020 10000 100 823863 4029999 868431 281284
0a050003 0a00001c 10000 100 3295224 2884999 2017922 1097417
0a020005 0a0b0011 10000 100 2924441 3880999 1034095 974973
0a090007 0a0b000d 10000 100 7328187 378000 4537306 2429268
0a0b0007 0a0b0011 10000 100 38529 4886999 31700 17688
0a03000c 0a050015 10000 100 44097 4833999 84950 23771
0a010020 0a030018 10000 100 41436 4897000 22661 22889
0a09000b 0a080016 10000 100 329155 4807999 117598 117908
0a0a0015 0a090010 10000 100 7600757 2053000 2880349 2519286
0a090004 0a030004 10000 100 66681 3553999 1386762 31229
0a070019 0a04001b 10000 100 85813 4841999 104353 37551
0a0b000d 0a080005 10000 100 322747 4729999 223443 115796
0a020006 0a010003 10000 100 3217751 3863000 1091053 1071842
0a04000b 0a0b000c 10000 100 3528 4947000 10310 10375
0a030016 0a0a000a 10000 100 87286 4931999 38002 38037
0a080015 0a040010 10000 100 28651 4943999 28440 18675
0a0a000c 0a06000f 10000 100 2697 4967000 11145 10093
0a010003 0a050007 10000 100 104155 4918999 62229 43604
0a030005 0a070003 10000 100 80939 4921000 62178 35929
0a030010 0a030016 10000 100 61854 4976000 24956 25398
0a030007 0a07001d 10000 100 21934 4989000 16712 16449
0a00001c 0a010016 10000 100 55413 4980000 27196 27500
0a0b0019 0a000001 10000 100 937939 4222000 792545 318955
0a0b001a 0a080018 10000 100 53353 4956999 61564 26825
0a090020 0a000004 10000 100 86161 4982999 38833 37662
0a07000f 0a070010 10000 100 87430 4943000 85210 33843
0a04000a 0a08001f 10000 100 708508 4614000 476789 243187
0a0b000d 0a070017 10000 100 3176365 3511999 1604341 1058169
0a03001e 0a06000d 10000 100 750918 4232999 889283 257189
0a060011 0a0b0011 10000 100 544989 4928000 195643 189187
0a03000d 0a080009 10000 100 1011176 4503000 626497 343144
0a070014 0a0a000f 10000 100 758915 4772000 381119 259824
0a030012 0a050007 10000 100 829917 4637999 556524 283282
0a080009 0a040008 10000 100 878318 4611999 584288 299262
0a0a0008 0a0a0012 10000 100 9897691 1182000 4037064 3273581
0a06000b 0a040010 10000 100 3547933 2317000 2920404 1180880
0a0a0017 0a060012 10000 100 554339 4390999 860448 192271
0a090007 0a080015 10000 100 732353 4673000 616004 251064
0a040008 0a00000c 10000 100 955106 4479999 809033 324618
0a090010 0a03001b 10000 100 978265 4997999 332054 332274
0a050015 0a0a000b 10000 100 595843 4947000 388265 205983
0a08001c 0a0a0015 10000 100 834502 4415999 931928 284796
0a020016 0a02001a 10000 100 88041 3756999 1670452 34039
0a08001a 0a040016 10000 100 10754781 1899999 3563021 3560861
0a08001d 0a0b0014 10000 100 43539 4903000 570250 23593
0a020014 0a03001e 10000 100 853082 4081000 1416456 290926
0a010015 0a0b0019 10000 100 7649066 2338999 3179005 2535237
0a05000b 0a02001a 10000 100 8126867 1157999 4364104 2693017
0a02001a 0a08000d 10000 100 883666 2822999 2700253 301035
0a03001a 0a040017 10000 100 6909554 3194999 2331532 2291020
0a080014 0a08001d 10000 100 36075 4958999 580237 16888
0a060014 0a02001a 10000 100 37026 4316999 1230882 21432
0a010001 0a02001b 10000 100 7098114 2936999 2620682 2353295
0a030019 0a060013 10000 100 5964600 3269000 2293285 1978958
0a08001d 0a0a0007 10000 100 5895038 1846999 3723704 1955992
0a030007 0a02001a 10000 100 72653 4577999 1019330 33201
0a0a001a 0a01001e 10000 100 3994016 3854999 1746777 1328188
0a070004 0a03000a 10000 100 1639 4947000 679413 9755
0a040018 0a060017 10000 100 4247000 3657000 1974065 1411739
0a040007 0a07001c 10000 100 977383 3213000 2418628 331977
0a000013 0a070004 10000 100 55555 4956999 728520 27561
0a04000a 0a050003 10000 100 5844758 3501000 2184982 1939380
0a050007 0a030015 10000 100 7864449 2407999 3301669 2606356
0a030002 0a090011 10000 100 7855597 3082000 2631546 2603446
0a070012 0a0a001d 10000 100 10662440 759000 4968141 3530375
0a090008 0a040001 10000 100 4033986 3122999 2670983 1341393
0a090009 0a0a0005 10000 100 8341795 3050999 2857844 2764006
0a07001d 0a020009 10000 100 2961178 4942000 986445 987112
0a080006 0a0a000c 10000 100 5751617 1832000 4103859 1908623
0a040009 0a070004 10000 100 5617987 3237999 2717522 1864494
0a010010 0a070002 10000 100 9846531 1211999 4761808 3260928
0a06000c 0a0a0007 10000 100 5655369 3396000 2600247 1876840
0a020020 0a07000d 10000 100 3590752 3514000 2500502 1195012
0a00000e 0a00000f 10000 100 4906417 2871999 3142891 1625256
0a0a001d 0a050020 10000 100 6065338 2266999 3845653 2012224
0a050003 0a00000e 10000 100 5343820 1955999 4202309 1773950
0a0b001a 0a070016 10000 100 9531510 1418999 4748201 3156896
0a08000f 0a09001c 10000 100 3081913 4137000 2047955 1026976
0a040003 0a02000b 10000 100 4410987 3529000 2663984 1465889
0a030014 0a070011 10000 100 5216888 2812999 3397454 1732026
0a000015 0a0a0017 10000 100 6709347 2827000 3393724 2224896
0a050006 0a070004 10000 100 3173723 4212999 2013756 1057293
0a0b0005 0a0b0019 10000 100 3767619 4013000 2214007 1249182
0a090008 0a010010 10000 100 9585595 1719999 4510014 3174756
0a090004 0a050005 10000 100 10644963 2606999 3625123 3524598
0a0b001d 0a06000d 10000 100 5149437 4233999 2018339 1709750
0a030011 0a01000f 10000 100 11623573 2350999 3905960 3847783
0a020020 0a020006 10000 100 7156939 1961000 4348748 2368478
0a000004 0a010012 10000 100 11604116 2416999 3907794 3841357
0a090008 0a090013 10000 100 512060 1000000 5343797 174072
0a09001c 0a090013 10000 100 512691 1000000 5350133 174274
0a09000b 0a090013 10000 100 512799 1000000 5352544 174308
0a0a001b 0a07000f 10001 100 8423990 3485999 2869079 2791138
0a09000a 0a090013 10000 100 512449 1000000 5360538 174196
0a04001d 0a060006 10000 100 3908527 3755999 2614836 1299956
0a0a0003 0a090013 10000 100 512353 1000000 5413569 178406
0a06001e 0a090013 10000 100 512237 1000000 5414025 178368
0a0b0018 0a090013 10000 100 512471 1000000 5416126 178443
0a070005 0a090013 10000 100 512382 1000000 5416487 178415
0a010012 0a090013 10000 100 512638 1000000 5417915 178497
0a070004 0a070001 10000 100 6185430 4323999 2117515 2047642
0a0a000c 0a080009 10000 100 5252248 2929999 3533997 1743710
0a080007 0a090005 10000 100 9591497 1786999 4689846 3176706
0a070012 0a000010 10000 100 5295174 3799999 2719195 1757891
0a090018 0a090013 10000 100 512979 1000000 5563577 174366
0a04001e 0a03001e 10000 100 10300291 1685999 4903380 3410770
0a0b0009 0a090018 10000 100 9833889 3370999 3268858 3256744
0a050007 0a010002 10000 100 4692912 4458000 2188086 1558993
0a0a001d 0a06001a 10000 100 6752954 2599000 4072012 2239296
0a050005 0a050014 10000 100 9606629 2396000 4294247 3177462
0a0b0011 0a0a0010 10000 100 6379160 4581000 2133376 2115857
0a030013 0a090017 10000 100 7797306 4164000 2582079 2584194
0a020004 0a0a001d 10000 100 4626222 3586000 3182377 1536976
0a0b000e 0a02000a 10000 100 11211176 2926000 3849152 3711592
0a0a000d 0a07001e 10000 100 1044188 4355999 2430558 354046
0a07000c 0a09001b 10000 100 10545466 2569000 4232477 3491745
0a08000f 0a020016 10000 100 6784069 3537999 3269286 2249575
0a03001e 0a080002 10000 100 11448844 1464000 5426877 3790072
0a01000e 0a070010 10000 100 8131174 3949000 2969486 2694442
0a080003 0a040019 10000 100 7519287 4382999 2550877 2492371
0a07001f 0a090013 10000 100 512426 1000000 5943786 178429
0a05001a 0a090013 10000 100 512662 1000000 5945766 178504
0a0b000f 0a090013 10000 100 512798 1000000 5950095 178548
0a0a0006 0a090007 10000 100 7438940 4405000 2557689 2465846
0a05001d 0a000017 10000 100 10089491 523000 6448802 3341163
0a090002 0a0b001c 10000 100 9443604 3873999 3127907 3127859
0a040005 0a020014 10000 100 10688733 1716999 5313214 3539049
0a07000f 0a070011 10000 100 7553547 2869000 4167435 2499448
0a00000e 0a02001a 10000 100 52262 4338999 2710888 26461
0a080008 0a080014 10000 100 8026290 4377999 2677908 2655564
0a070005 0a000002 10000 100 4568110 4022000 3053869 1517781
0a08000d 0a060014 10000 100 7222181 3586999 3538617 2394256
0a080006 0a060009 10000 100 6535460 2178999 4968271 2167470
0a090007 0a00000b 10000 100 11683419 961000 6206948 3867533
0a06001c 0a030004 10000 100 11836311 3285999 3936832 3918025
0a06000b 0a0a0019 10000 100 7316641 2064999 5188271 2425451
0a09001e 0a000002 10000 100 5490674 3910000 3362265 1822448
0a03000f 0a00000e 10000 100 10587618 2037999 5248302 3505664
0a090015 0a060003 10000 100 8933865 1582000 5712330 2959520
0a060007 0a06001e 10000 100 8295965 4479000 2832506 2744624
0a090015 0a010015 10000 100 8412093 1775000 5540007 2787224
0a09001c 0a09000c 10000 100 9441587 4187999 3158437 3122959
0a01001f 0a01000b 10000 100 11082190 2697000 4695898 3664755
0a05000f 0a020017 10000 100 11593967 3393999 4000316 3838002
0a080012 0a050015 10000 100 10432402 3876000 3520994 3454397
0a0a0008 0a0a000b 10000 100 8744531 3699000 3711965 2892758
0a040014 0a080001 10000 100 10591438 1737000 5683209 3506917
0a04001c 0a080013 10000 100 9490114 1314999 6146773 3143219
0a02000e 0a090005 10000 100 7101712 4525999 3002478 2354477
0a090012 0a0a000d 10000 100 8547663 4713000 2865954 2831988
0a04000d 0a0a0020 10000 100 11875949 3066999 4516446 3931124
0a0a0011 0a00000c 10000 100 7927634 4808999 2780851 2627235
0a0a0005 0a050004 10000 100 10455633 4010999 3590673 3462077
0a070002 0a09001a 10000 100 7722554 3357999 4275623 2559505
0a00001d 0a010009 10000 100 5575471 4873999 2768403 1850443
0a07001c 0a03000c 10000 100 259785 3537000 4118494 95003
0a0b001a 0a060020 10000 100 9504759 2988000 4739507 3148059
0a05001d 0a040004 10000 100 10339509 1263000 6482493 3423734
0a050012 0a090013 10000 100 512308 1000000 6748261 178391
0a00000f 0a090013 10000 100 512764 1000000 6750660 178537
0a060013 0a090013 10000 100 512777 1000000 6752073 178541
0a070008 0a090013 10000 100 512990 1000000 6757515 178609
0a050004 0a000018 10000 100 10324274 4235000 3540155 3418690
0a04001c 0a090013 10000 100 512170 1000000 6797851 178347
0a020008 0a090013 10000 100 512980 1000000 6803772 178606
0a02001f 0a07001c 10000 100 300 4752000 3081979 9311
0a06000d 0a020001 10000 100 11986044 3804000 4038992 3967475
0a030012 0a08001d 10000 100 11593742 2657000 5197553 3837930
0a0a000a 0a07001c 10000 100 10854515 939999 6921936 3593805
0a070009 0a09000a 10000 100 9783076 4623000 3240483 3239977
0a020011 0a090013 10000 100 512824 1000000 6935881 178556
0a06000f 0a030001 10000 100 9676845 4784000 3202566 3204893
0a070016 0a01000b 10000 100 4478290 4616999 3388510 1488117
0a06000b 0a020003 10000 100 7008750 3612000 4415384 2323777
0a04000c 0a0a0013 10000 100 11670819 4237999 3860541 3863378
0a020004 0a020018 10000 100 7849373 4222000 3919859 2597138
0a08000d 0a050017 10000 100 6568276 4832000 3320090 2178309
0a000007 0a0a0015 10000 100 11782532 3981000 4268640 3900278
0a050018 0a020020 10000 100 10628872 4683999 3589000 3519280
0a0b0017 0a0b0016 10000 100 10803471 4753000 3575579 3572708
0a050017 0a090013 10000 100 512213 1000000 7342519 178361
0a010012 0a07001c 10000 100 10104754 1677000 6718441 3346201
0a07001c 0a030009 10000 100 7701206 4268000 4187735 2552459
0a000002 0a020014 10000 100 9385719 3534999 4924859 3108752
0a04001d 0a090019 10000 100 7910320 2536000 5933419 2621511
0a000017 0a04000b 10000 100 8929846 3393999 5099864 2958204
0a0b0003 0a010005 10000 100 12284126 1116000 7388255 4065918
0a0a000c 0a080004 10000 100 12211122 2706000 5822220 4041804
0a030005 0a0b0002 10000 100 12084218 4412000 4130424 3999905
0a040008 0a020019 10000 100 7972611 2403999 6164683 2642089
0a070016 0a0a000f 10000 100 7771864 4492000 4087402 2575792
0a060003 0a05000a 10000 100 10865826 4942000 3639579 3597532
0a09000d 0a060007 10000 100 8853009 3853999 4750253 2932832
0a020019 0a020014 10000 100 204695 4896000 3708749 72566
0a08001d 0a09001a 10000 100 7997835 4139999 4466673 2650406
0a080019 0a0a001e 10000 100 11416907 4847999 3776501 3779530
0a01000f 0a090019 10000 100 5610905 4709999 3991766 1862151
0a08001c 0a01001c 10000 100 11043407 3638999 5212800 3656185
0a090001 0a0b0008 10000 100 12029860 3614000 5256545 3981942
0a040003 0a090019 10000 100 5218475 3850000 5032608 1732549
0a000020 0a090013 10000 100 512217 1000000 7913498 178362
0a080007 0a010005 10000 100 6758090 4078000 4898194 2241000
0a000005 0a020019 10001 100 10434261 3419999 5614099 3455023
0a02001e 0a090013 10000 100 512462 1000000 8112811 178440
0a060017 0a090013 10000 100 512541 1000000 8114149 178466
0a070001 0a090013 10000 100 512543 1000000 8114993 178466
0a040015 0a090013 10000 100 512473 1000000 8120764 178444
0a000010 0a090013 10000 100 512941 1000000 8121240 178594
0a050013 0a090013 10000 100 512215 1000000 8121484 178361
0a040006 0a090013 10000 100 512343 1000000 8122759 178402
0a050009 0a090013 10000 100 512888 1000000 8127178 178577
0a000004 0a090013 10000 100 512751 1000000 8128088 178533
0a000014 0a090013 10000 100 512440 1000000 8131374 178433
0a0b0016 0a090013 10000 100 512391 1000000 8139594 178418
0a0b001f 0a090013 10000 100 512829 1000000 8144984 178558
0a04001c 0a010009 10000 100 12221507 1572999 7594835 4045235
0a0b0002 0a0a0017 10000 100 12314027 3837999 5341988 4075794
0a0b0012 0a090013 10000 100 513021 1000000 8184111 178635
0a090006 0a09001b 10000 100 7016448 4564000 4634920 2322077
0a0a0016 0a090013 10000 100 512488 1000000 8210182 178449
0a060018 0a0a000e 10000 100 10238836 3552000 5666147 3390474
0a020017 0a020005 10000 100 6845315 4597000 4625418 2265563
0a00000b 0a07001e 10000 100 8794763 2843000 6394119 2913595
0a080015 0a0a000e 10000 100 6918675 4690999 4560544 2294031
0a00000d 0a090013 10000 100 512031 1000000 8282142 178303
0a020020 0a090013 10000 100 512522 1000000 8302284 178460
0a0a000a 0a090013 10000 100 512010 1000000 8303947 178296
0a0b0004 0a090013 10000 100 512320 1000000 8310659 178395
0a040014 0a040003 10000 100 12219917 3090999 6222625 4040471
0a080006 0a0a0009 10000 100 10266160 4074999 5245409 3399510
0a020017 0a07001a 10000 100 11702566 3059999 6284563 3873859
0a080005 0a090013 10000 100 512416 1000000 8397209 178426
0a0b0019 0a090013 10000 100 512511 1000000 8397435 178456
0a010004 0a090013 10000 100 512118 1000000 8397704 178330
0a040009 0a090013 10000 100 512698 1000000 8398099 178516
0a000015 0a090013 10000 100 512850 1000000 8398493 178565
0a010015 0a090013 10000 100 512855 1000000 8398941 178566
0a06000f 0a090013 10000 100 512860 1000000 8399391 178568
0a060001 0a090013 10000 100 512930 1000000 8399863 178590
0a020010 0a02000e 10000 100 8976141 2972999 6492058 2969254
0a030014 0a090013 10000 100 512952 1000000 8502807 178597
0a070004 0a09000d 10000 100 9191135 997000 8515205 3044489
0a0b0003 0a090013 10000 100 512528 1000000 8560571 178462
0a020010 0a09000f 10000 100 11375581 1737000 7951405 3765876
0a02001c 0a050014 10000 100 12322249 4634000 5080645 4078502
0a000010 0a07001e 10000 100 10953720 2890000 6945070 3626564
0a07001e 0a04001e 10000 100 11394595 3338999 6516725 3772160
0a02001a 0a0b0008 10000 100 7704997 1910999 8008573 2553703
0a090006 0a05001a 10000 100 12286388 3635999 6393966 4066657
0a000017 0a000001 10000 100 11118891 4298999 5795700 3676868
0a010011 0a08000c 10000 100 6524489 4373000 6467926 2163852
0a09000d 0a01001c 10000 100 11169978 4982000 6272857 3697978
0a010011 0a080009 10000 100 8718894 3374999 7916111 2888533
0a02001a 0a0b0013 10000 100 10292252 1750000 9568083 3408120
0a010011 0a020002 10000 100 10240496 3105000 8440821 3391021
0a020020 0a090013 10001 100 95216 4723999 6912351 40652
0a02001a 0a08001d 10000 100 11659786 2039000 9946809 3859740
0a050017 0a090013 10001 100 9994413 1255999 11537633 3309755
