0a05000f 0a010015 10000 100 19821 7999 15340 15757
0a08000a 0a060007 10000 100 49064 9999 24982 25407
0a04000f 0a060002 10000 100 58319 32999 28034 28461
0a050016 0a000002 10000 100 71405 35999 32356 32786
0a080007 0a05000d 10000 100 98156 38000 41187 41623
0a020006 0a010018 10000 100 35187 64999 20407 20828
0a05000a 0a010014 10000 100 11297 73999 12522 12937
0a050005 0a09001a 10000 100 69829 73999 32670 32267
0a050002 0a090010 10000 100 4030 105999 10121 10535
0a09001a 0a020018 10000 100 92144 76999 40096 39638
0a0b0004 0a010014 10000 100 50895 100999 25691 26008
0a080013 0a0a000a 10000 100 38523 108999 21504 21926
0a050019 0a000018 10000 100 62639 109999 29461 29889
0a0a0017 0a040016 10000 100 102886 103999 42745 43183
0a000007 0a0b0020 10000 100 22764 136999 16311 16730
0a070010 0a080020 10000 100 80664 119999 35409 35841
0a080019 0a03001e 10000 100 54606 145999 26816 27242
0a06000f 0a050004 10000 100 103885 132000 43080 43518
0a080003 0a020002 10000 100 39482 161999 21826 22248
0a0b0013 0a090002 10000 100 30945 167999 19004 19424
0a080004 0a050006 10000 100 75279 176999 33641 34072
0a060017 0a09000d 10000 100 46067 187999 23993 24417
0a020017 0a07000a 10000 100 52457 199999 26098 26523
0a08001e 0a090009 10000 100 23302 206999 23318 16902
0a0b000e 0a070005 10000 100 9802 221000 12028 12444
0a030016 0a080005 10000 100 95773 192999 40394 40830
0a090014 0a03001b 10000 100 260395 149999 94806 95199
0a000015 0a06001a 10000 100 73143 213999 32928 33358
0a00000a 0a030015 10000 100 61554 230000 29114 29542
0a0a001e 0a0b000f 10000 100 25413 246999 17218 17593
0a010013 0a0b001d 10000 100 59733 239000 28613 28928
0a00000c 0a09000f 10000 100 78955 246000 34847 35279
0a080015 0a070003 10000 100 13067 280999 13103 13519
0a0a001b 0a09001c 10000 100 12021 284000 12769 13184
0a04000a 0a08000d 10000 100 49657 259999 41292 25612
0a010014 0a020007 10000 100 24837 286000 16990 17408
0a010018 0a000010 10000 100 442341 150999 159667 155280
0a000004 0a060017 10000 100 89778 275000 38538 38850
0a030009 0a08000d 10000 100 158006 236999 77339 61390
0a0a001b 0a0a000d 10000 100 68940 295999 27284 27727
0a0b0018 0a070007 10000 100 14992 311000 13774 14151
0a0a0007 0a0a0002 10000 100 86261 291999 33006 33454
0a08001d 0a010017 10000 100 64594 306000 30117 30545
0a080004 0a0a001b 10000 100 72956 319000 32868 33298
0a09000f 0a000006 10000 100 80689 322000 35417 35849
0a01000a 0a02001b 10000 100 22680 342000 16284 16703
0a020008 0a01000c 10000 100 913718 49999 310415 310959
0a06000c 0a03001e 10000 100 61955 339000 29242 29670
0a030015 0a030009 10000 100 22897 358999 12100 12532
0a060005 0a030014 10000 100 94125 337000 39852 40287
0a040008 0a08000a 10000 100 99572 340999 41655 42092
0a0b000d 0a06001f 10000 100 84117 362000 36559 36992
0a040020 0a090001 10000 100 52461 378000 26099 26525
0a03000f 0a080009 10000 100 67116 375000 30939 31368
0a030015 0a000019 10000 100 23663 400999 16599 17017
0a09001d 0a090007 10000 100 61849 398999 24955 25396
0a060017 0a02000e 10000 100 96850 384000 40754 41190
0a010013 0a080018 10000 100 26230 424000 17450 17870
0a07000f 0a060010 10000 100 52413 444000 26084 26509
0a02000c 0a040015 10000 100 88985 442000 38162 38596
0a07001b 0a02000a 10000 100 71106 460000 32261 32691
0a020012 0a0a0010 10000 100 90870 478999 38780 39215
0a08001f 0a010019 10000 100 12049 516999 12843 13193
0a07001e 0a0a0003 10000 100 36697 516999 20905 21327
0a01001b 0a000001 10000 100 90016 516999 38507 38942
0a060008 0a010005 10000 100 77206 532000 34273 34704
0a000011 0a020004 10000 100 15978 555000 14065 14481
0a0b0020 0a000015 10000 100 36370 552999 20800 21222
0a0b0002 0a000004 10000 100 250609 485999 91502 91975
0a070009 0a090014 10000 100 86822 543999 37440 37873
0a02001e 0a020006 10000 100 33811 565999 15697 16132
0a03000c 0a080003 10000 100 9063 587999 11792 12207
0a0a000c 0a03001c 10000 100 20995 587999 15716 16133
0a0b000a 0a010019 10000 100 46904 600999 24276 24700
0a02000d 0a070005 10000 100 100135 583999 41835 42272
0a030015 0a02001b 10000 100 97713 591000 41047 41481
0a070020 0a020005 10000 100 87179 617999 37569 38003
0a040007 0a000011 10000 100 25930 643000 17354 17774
0a02000e 0a08001e 10000 100 73225 631000 32954 33384
0a030008 0a060015 10000 100 100899 635999 42095 42532
0a0a000d 0a070014 10000 100 356909 560999 126568 127066
0a050007 0a030016 10000 100 6622 679000 10981 11395
0a050010 0a0b001e 10000 100 20012 676999 15401 15818
0a090001 0a05000e 10000 100 72005 661000 32566 32994
0a000002 0a0a001b 10000 100 38917 674000 21630 22052
0a0b0019 0a0b0011 10000 100 35749 694999 16333 16768
0a0b000a 0a0b001f 10000 100 99676 678000 37434 37885
0a02000a 0a03001c 10000 100 8824 703999 11701 12115
0a060015 0a06000d 10000 100 47367 702000 20170 20608
0a070002 0a0a0010 10000 100 92891 692000 39442 39877
0a0b0012 0a010004 10000 100 478421 580000 166679 167194
0a060011 0a08000e 10000 100 914359 436999 310532 311164
0a020003 0a01000c 10000 100 70773 720999 32154 32584
0a010019 0a07000e 10000 100 65295 729999 30341 30770
0a080004 0a060003 10000 100 69463 729999 31720 32150
0a0b001b 0a07001a 10000 100 724476 518000 247884 248451
0a010018 0a07001a 10000 100 5281 764000 10537 10951
0a0a0011 0a020001 10000 100 89742 737000 38404 38839
0a050011 0a010020 10000 100 4919 772000 10421 10835
0a04001b 0a090002 10000 100 101720 743999 42357 42794
0a050003 0a05001e 10000 100 8830 794000 7448 7877
0a02000f 0a020005 10000 100 52653 779999 21922 22361
0a090005 0a03000e 10000 100 63007 786000 29596 30022
0a010013 0a00000e 10000 100 62351 805999 29369 29797
0a08000d 0a08000b 10000 100 702076 608999 236232 236828
0a0b000d 0a0a001a 10000 100 513681 667999 178310 178846
0a090011 0a090005 10000 100 53596 840999 22224 22663
0a00001e 0a030020 10000 100 22860 846999 16342 16760
0a00001d 0a050010 10000 100 86200 828999 37241 37674
0a0b0014 0a05001c 10000 100 85269 812000 64833 37361
0a0a0010 0a00000a 10000 100 37608 855999 21211 21633
0a09000c 0a070014 10000 100 140747 823999 69470 55682
0a020008 0a01001c 10000 100 61305 866000 29019 29447
0a0a000b 0a0a000e 10000 100 88720 886999 33823 34272
0a060010 0a0b0006 10000 100 42635 906000 22865 23288
0a010017 0a060009 10000 100 37536 912999 21188 21610
0a020020 0a000018 10000 100 86645 898999 37383 37817
0a00000d 0a080015 10000 100 57325 910000 27716 28143
0a08001d 0a000012 10000 100 23990 925000 16704 17122
0a09000b 0a040003 10000 100 82264 907999 35936 36369
0a0b0007 0a07000b 10000 100 54391 934000 26849 27173
0a050014 0a040009 10000 100 42362 942000 22778 23201
0a05000b 0a010003 10000 100 856572 680000 291470 292088
0a0b0017 0a090011 10000 100 36298 957999 20777 21199
0a010002 0a080017 10000 100 17564 979000 14830 15004
0a030013 0a07001b 10000 100 428605 868999 150230 150746
0a010001 0a080020 10000 100 52110 990999 33734 26412
0a050001 0a07001e 10000 100 36592 1033000 20871 21293
0a070011 0a02001e 10000 100 61766 1036000 29204 29610
0a050008 0a04000e 10000 100 94649 1031000 40039 40470
0a000017 0a0b001b 10000 100 98587 1007000 66609 41761
0a04001b 0a04001f 10000 100 63295 1059000 25432 25874
0a020015 0a0b0020 10000 100 11200 1044000 42789 12906
0a08001a 0a060009 10000 100 54212 1049999 44506 27116
0a03001e 0a07001c 10000 100 39443 1075000 21814 22236
0a08001f 0a020011 10000 100 95356 1059000 40412 40696
0a040008 0a070020 10000 100 11793 1095999 16079 13096
0a0b0005 0a040014 10000 100 35239 1092000 20423 20845
0a02000a 0a060017 10000 100 101688 1085999 42347 42784
0a08000f 0a030008 10000 100 71836 1111000 32580 32924
0a020015 0a050011 10000 100 57704 1132999 27837 28264
0a0a0013 0a010018 10000 100 71476 1134000 32874 32809
0a0a0005 0a090001 10000 100 944819 826000 344605 321218
0a0a001d 0a08001b 10000 100 21832 1157000 23018 16416
0a00000e 0a040017 10000 100 37880 1170000 21344 21720
0a07001e 0a0b0009 10000 100 31950 1177000 19949 19761
0a080007 0a060017 10000 100 99851 1162999 41744 42181
0a0b0012 0a090017 10000 100 97486 1167000 41179 41393
0a080002 0a0b001c 10000 100 38518 1195000 21544 21925
0a000013 0a040009 10000 100 101662 1180999 42339 42776
0a01000e 0a0a001d 10000 100 31563 1214999 19217 19638
0a07000e 0a00001d 10000 100 547424 1049000 189438 189982
0a07001b 0a060001 10000 100 89912 1201999 38462 38893
0a0a0014 0a02000c 10000 100 48832 1216000 24908 25333
0a090013 0a010009 10000 100 22730 1232000 16300 16719
0a040006 0a01001e 10000 100 17128 1234999 14448 14865
0a070010 0a020015 10000 100 186 1240999 8555 9274
0a070010 0a050010 10000 100 99601 1219000 41757 42101
0a0b0020 0a06001a 10000 100 638386 1044000 219612 220026
0a090017 0a02001e 10000 100 7004 1253999 11103 11518
0a060015 0a080019 10000 100 86563 1229000 37376 37791
0a090013 0a000008 10000 100 64340 1255000 30625 30449
0a030001 0a08001f 10000 100 97886 1245999 41100 41537
0a060017 0a030011 10000 100 79881 1265000 35245 35591
0a050016 0a0a0003 10000 100 100667 1263000 42020 42457
0a0b001e 0a05000c 10000 100 65650 1278999 30455 30883
0a0a0010 0a000005 10000 100 84016 1284999 36527 36960
0a020013 0a030017 10000 100 74247 1291000 33296 33727
0a080006 0a030010 10000 100 78226 1322999 36166 35046
0a000008 0a080001 10000 100 241648 1278000 88677 89015
0a05000d 0a0a001a 10000 100 58609 1343999 28142 28569
0a05001f 0a0a0007 10000 100 84546 1338999 36743 37130
0a08000d 0a070006 10000 100 61964 1371000 29245 29673
0a04001a 0a060017 10000 100 68816 1381999 31498 31927
0a000003 0a000006 10000 100 13223 1405999 8899 9329
0a040016 0a04000c 10000 100 41344 1397999 19255 18620
0a060004 0a0a0010 10000 100 94162 1384999 39864 40299
0a040003 0a02001d 10000 100 76693 1404000 35091 34540
0a02001d 0a040004 10000 100 21551 1415999 23246 16326
0a03001c 0a080015 10000 100 80442 1415999 35357 35770
0a030002 0a010008 10000 100 34692 1420000 31511 20670
0a070004 0a010008 10000 100 997905 1110000 349575 338759
0a050009 0a070009 10000 100 28637 1441999 18251 18671
0a060020 0a09000a 10000 100 79887 1433999 35241 35593
0a030005 0a0b0016 10000 100 14798 1463000 14424 14088
0a0b0019 0a040017 10000 100 59519 1448999 28433 28860
0a09000f 0a09000d 10000 100 98704 1445000 37108 37559
0a030008 0a030005 10000 100 97360 1448999 36853 37113
0a07000e 0a080013 10000 100 8753 1482999 11679 12093
0a080020 0a04001d 10000 100 69044 1466000 33603 32016
0a050020 0a040002 10000 100 102455 1476000 42712 43045
0a030020 0a0b000e 10000 100 9494 1510999 11930 12345
0a000013 0a020001 10000 100 63546 1495000 29849 30195
0a05000c 0a05001e 10000 100 393186 1392000 134297 134819
0a060018 0a050002 10000 100 83332 1494000 36293 36726
0a050020 0a020003 10000 100 38769 1515000 21583 22005
0a060011 0a000002 10000 100 94242 1500000 39952 40325
0a060018 0a05001d 10000 100 8961 1539000 11857 12159
0a0a0008 0a090015 10000 100 91847 1518999 39108 39543
0a090016 0a070019 10000 100 79965 1523000 35205 35618
0a040001 0a050006 10000 100 59242 1538000 28458 28771
0a0b0008 0a08000e 10000 100 13526 1554000 13265 13681
0a010003 0a040018 10000 100 29641 1562999 18572 18992
0a080011 0a070007 10000 100 31530 1564999 19210 19627
0a010019 0a050007 10000 100 39872 1574000 21951 22373
0a00001a 0a030012 10000 100 45748 1572999 23930 24315
0a090005 0a05001b 10000 100 49632 1577000 25179 25604
0a010018 0a090004 10000 100 90071 1567999 41488 38959
0a020014 0a000010 10000 100 10402 1616000 15954 12636
0a02001d 0a000013 10000 100 48369 1610000 40399 25184
0a09000b 0a05001f 10000 100 79168 1618999 34916 35347
0a080008 0a08000f 10000 100 11718 1645999 8403 8832
0a080007 0a0a0004 10000 100 97506 1616000 40981 41415
0a09001c 0a000017 10000 100 46987 1639000 24381 24727
0a04000d 0a050011 10000 100 52478 1641000 26204 26530
0a080004 0a0a001e 10000 100 50138 1642999 25480 25766
0a0b0005 0a020016 10000 100 63025 1641000 30150 30028
0a08000f 0a0b001e 10000 100 7774 1667000 11365 11779
0a0b0009 0a0b0005 10000 100 79171 1632999 56771 31108
0a020004 0a07001c 10000 100 33240 1670999 19769 20190
0a05001b 0a030011 10000 100 91689 1662000 39057 39492
0a08000c 0a040017 10000 100 12422 1701999 12897 13313
0a09001f 0a060014 10000 100 97649 1673999 41025 41461
0a05000a 0a060002 10000 100 72164 1690000 32614 33045
0a09000a 0a0b0002 10000 100 47357 1704000 24421 24845
0a060008 0a0b0016 10000 100 60989 1701999 28918 29346
0a05000b 0a050010 10000 100 74682 1704000 29181 29626
0a0a001d 0a030015 10000 100 710196 1492999 243216 243743
0a06000e 0a040017 10000 100 59067 1712999 28288 28715
0a0a0009 0a030006 10000 100 11693 1740000 12649 13064
0a0b0020 0a090006 10000 100 64627 1722999 30224 30556
0a060005 0a080009 10000 100 80070 1719999 35328 35651
0a070006 0a080004 10000 100 93191 1716000 40413 39988
0a00001c 0a01001c 10000 100 56954 1732000 27582 28008
0a0b0001 0a000015 10000 100 26218 1742999 17447 17866
0a000018 0a090013 10000 100 75438 1732999 33692 34123
0a08001b 0a070006 10000 100 47765 1745999 24780 24976
0a030015 0a0a0012 10000 100 76652 1739000 34095 34527
0a010015 0a07001f 10000 100 91186 1744000 38957 39316
0a07001f 0a0a0003 10000 100 24527 1766999 17194 17309
0a04001a 0a080004 10000 100 89544 1757000 38411 38775
0a040017 0a090018 10000 100 90272 1763000 38711 39024
0a07000f 0a040018 10000 100 103290 1778999 42875 43312
0a010009 0a00000b 10000 100 215341 1681999 150571 80320
0a080001 0a060011 10000 100 14251 1820999 13497 13913
0a07000e 0a07000d 10000 100 21132 1846999 11520 11952
0a030001 0a06000a 10000 100 80656 1825999 35407 35839
0a090020 0a090016 10000 100 20815 1856999 11404 11835
0a080008 0a050016 10000 100 92025 1812999 69141 39600
0a020014 0a020009 10000 100 868397 1613000 294538 291740
0a060004 0a0a001d 10000 100 6589 1899000 10970 11385
0a05001c 0a090018 10000 100 80461 1860000 66183 35776
0a090010 0a060018 10000 100 27817 1936000 17973 18393
0a05000c 0a010001 10000 100 28287 1938999 18124 18543
0a00000a 0a0a000c 10000 100 51530 1938000 25801 26227
0a060013 0a050004 10000 100 5313 1955999 10547 10961
0a03001f 0a04001f 10000 100 484 1962000 8470 9370
0a010011 0a00000b 10000 100 83092 1837000 134374 36649
0a03001d 0a070017 10000 100 37926 1959999 21315 21735
0a01000c 0a00000f 10000 100 51780 1975000 25881 26307
0a050002 0a020018 10000 100 68332 1982999 31355 31772
0a030004 0a050001 10000 100 48988 1991999 25022 25383
0a040011 0a070006 10000 100 15890 2011999 18957 14453
0a060001 0a0a0002 10000 100 77094 2014999 34237 34668
0a0a000d 0a04000b 10000 100 39998 2033999 21991 22414
0a060013 0a0b0008 10000 100 83413 2031999 36319 36752
0a0b0019 0a060009 10000 100 30165 2052000 18755 19175
0a06001e 0a0a0017 10000 100 1072 2063000 8940 9558
0a0b0010 0a080017 10000 100 75670 2044999 34840 34197
0a070003 0a020003 10000 100 76943 2050000 34189 34620
0a06000b 0a0a0007 10000 100 81744 2069999 35929 36202
0a030004 0a040002 10000 100 24119 2089999 16760 17179
0a0a0011 0a090014 10000 100 42912 2086000 22954 23377
0a040020 0a090020 10000 100 5047 2111000 10462 10876
0a080016 0a0a001d 10000 100 40018 2095000 34890 22420
0a0b0018 0a090013 10000 100 60077 2099000 48256 29054
0a02001f 0a040009 10000 100 80538 2135999 35369 35801
0a02000b 0a08000b 10000 100 76648 2141000 34166 34526
0a0b0006 0a00001d 10000 100 87349 2155999 37624 38057
0a010015 0a0a0003 10000 100 59268 2174000 28353 28780
0a06000d 0a000014 10000 100 51115 2190999 25780 26094
0a0a001e 0a0b0018 10000 100 90679 2175999 41621 39154
0a080008 0a080016 10000 100 18687 2211999 11334 11139
0a0b0015 0a080008 10000 100 60861 2203000 29124 29305
0a0b0017 0a040007 10000 100 39452 2220000 21816 22239
0a020007 0a0a0018 10000 100 25541 2224999 17230 17649
0a08000c 0a0a0007 10000 100 80515 2207999 35400 35794
0a060009 0a030013 10000 100 28143 2236999 18078 18497
0a050014 0a020003 10000 100 61534 2226000 29108 29536
0a09000e 0a050010 10000 100 55769 2230000 27205 27629
0a0b0001 0a060007 10000 100 554846 2067999 192000 192433
0a090015 0a090018 10000 100 63274 2245000 25426 25868
0a010018 0a030019 10000 100 909234 1938999 333936 309478
0a02000b 0a04000b 10000 100 60876 2249000 28882 29310
0a010010 0a070006 10000 100 782107 2008999 272141 267492
0a00000a 0a08000d 10000 100 73278 2258000 33088 33401
0a050011 0a030006 10000 100 52531 2285000 26137 26562
0a040003 0a020015 10000 100 35988 2314000 20663 21084
0a0b0015 0a060004 10000 100 42481 2320000 22925 23239
0a000020 0a04001f 10000 100 53192 1856999 486061 26774
0a0a0009 0a080016 10000 100 42630 2309999 36357 23287
0a000016 0a070006 10000 100 54933 2321000 27038 27346
0a010011 0a000011 10000 100 58469 2337000 28082 28509
0a04000e 0a040003 10000 100 92516 2360999 35068 35517
0a040016 0a060014 10000 100 645860 2158000 239128 222495
0a070016 0a050011 10000 100 99741 2356000 41824 42146
0a050015 0a030014 10000 100 188067 2298000 118548 71316
0a03001e 0a09000a 10000 100 21307 2403000 15830 16248
0a09000e 0a000002 10000 100 68832 2392000 31503 31932
0a08000f 0a010005 10000 100 123610 2374999 49587 50030
0a07001b 0a05000d 10000 100 102918 2399000 42879 43193
0a010011 0a040010 10000 100 18252 2438000 14822 15240
0a03000c 0a070019 10000 100 74543 2419999 33479 33821
0a060012 0a010012 10000 100 87822 2442999 37775 38209
0a0a0015 0a040011 10000 100 72312 2458999 33769 33092
0a000019 0a050013 10000 100 939988 2175999 325921 319626
0a06001a 0a09001b 10000 100 79980 2471000 35228 35623
0a050019 0a01000d 10000 100 72956 2478999 32868 33298
0a09001a 0a050013 10000 100 54681 2478999 34044 27266
0a050018 0a0b0019 10000 100 91337 2478999 38930 39364
0a05000d 0a020019 10000 100 73736 2491999 33186 33563
0a04001d 0a08000e 10000 100 65239 2494999 30427 30752
0a0a000a 0a070010 10000 100 53534 2510000 26808 26883
0a030013 0a04000c 10000 100 1365 2560999 9296 9652
0a050001 0a000014 10000 100 103366 2537000 42899 43336
0a07001e 0a090020 10000 100 813250 2320000 277217 277780
0a0b000d 0a050019 10000 100 22621 2580999 16266 16684
0a010013 0a0a001b 10000 100 59664 2569999 28547 28906
0a090010 0a05001c 10000 100 75155 2550000 58553 34032
0a080010 0a01000b 10000 100 67539 2582999 31089 31519
0a010009 0a000020 10000 100 67181 1981000 635811 31389
0a06001a 0a090008 10000 100 45751 2605000 23892 24316
0a020011 0a00001f 10000 100 10920 2619999 12401 12817
0a05001d 0a070007 10000 100 90284 2602000 38593 39027
0a0a000a 0a090006 10000 100 88569 2605000 38728 38463
0a070003 0a030001 10000 100 688177 2410999 236146 236466
0a080014 0a040015 10000 100 58180 2625999 28101 28416
0a08000f 0a0a0004 10000 100 50158 2631999 25370 25772
0a06001d 0a070011 10000 100 104232 2615999 43191 43629
0a070002 0a01001a 10000 100 89266 2621000 38252 38686
0a03000a 0a090006 10000 100 48406 2657000 24791 25196
0a030018 0a010018 10000 100 43776 2641999 50885 23669
0a04000d 0a0a0006 10000 100 14331 2675999 17731 13939
0a07000a 0a040008 10000 100 96444 2661000 40643 41060
0a09000b 0a0a0020 10000 100 44054 2678999 37737 23758
0a05001e 0a01000b 10000 100 14210 2704999 13484 13900
0a07000f 0a0a0020 10000 100 79545 2677999 49669 35483
0a000019 0a06000a 10000 100 72280 2694999 34045 33082
0a00001a 0a090009 10000 100 57508 2694999 45706 28201
0a0b0006 0a05001d 10000 100 55420 2709000 33016 27502
0a0b0016 0a00001d 10000 100 68236 2712000 31405 31742
0a0a000e 0a040004 10000 100 96414 2703999 42143 41050
0a050010 0a070004 10000 100 4233 2736000 10931 10600
0a020012 0a05001d 10000 100 37779 2720999 27556 21688
0a020008 0a030002 10000 100 42547 2739000 22837 23260
0a060015 0a070001 10000 100 850498 2177000 612772 290068
0a04000f 0a080006 10000 100 16733 2766999 24444 14738
0a03000a 0a070001 10000 100 259 2484999 333557 9298
0a07000e 0a090019 10000 100 41876 2795999 22607 23030
0a070005 0a000007 10000 100 150 2817000 8797 9263
0a020005 0a04001a 10000 100 649429 2602999 223099 223668
0a080016 0a050005 10000 100 83620 2763999 63576 36818
0a020019 0a05000c 10000 100 20401 2811999 15682 15943
0a0b0019 0a0a000a 10000 100 67391 2797000 42266 31456
0a09001d 0a02001c 10000 100 7616 2828999 11314 11729
0a020002 0a060017 10000 100 7211 2834999 11169 11584
0a0a0018 0a09001a 10000 100 19688 2857000 15297 15715
0a020005 0a0a0012 10000 100 97459 2841000 41550 41385
0a08000a 0a030014 10000 100 50533 2795999 89659 25892
0a02000d 0a0a001e 10000 100 30141 2856000 30072 19167
0a060005 0a0b0011 10000 100 458438 2732000 160228 160600
0a030015 0a070018 10000 100 27329 2869000 26430 18237
0a0a0012 0a000015 10000 100 79020 2860000 35571 35300
0a090004 0a040010 10000 100 50588 2870999 25485 25910
0a010009 0a060019 10000 100 20648 2883999 15604 16022
0a050017 0a07001f 10000 100 60203 2880000 28898 29094
0a0a0008 0a0b0001 10000 100 14453 2897999 13767 13978
0a080014 0a09000c 10000 100 8399 2900999 12000 11979
0a03001f 0a090006 10000 100 414147 2769000 145659 145981
0a0a0006 0a09001f 10000 100 8931 2899999 17004 12150
0a080012 0a01000d 10000 100 74437 2897999 33365 33787
0a080008 0a050017 10000 100 67738 2902000 31330 31582
0a02001e 0a090004 10000 100 47686 2913999 24648 24951
0a090012 0a080009 10000 100 4640 2929000 10332 10746
0a02000f 0a0b0014 10000 100 57218 2919000 27687 28108
0a000005 0a0b0011 10000 100 8188 2942000 11497 11912
0a00000a 0a0a0006 10000 100 39603 2928000 39292 22287
0a000017 0a0b001e 10000 100 61685 2939999 29258 29584
0a01001c 0a0b001e 10000 100 37096 2962999 21054 21454
0a080012 0a080017 10000 100 80633 2952000 32212 31592
0a07000a 0a090012 10000 100 64878 2955999 30210 30636
0a0a000a 0a0a0013 10000 100 45871 2975000 20178 20114
0a01001a 0a030014 10000 100 47648 2895000 104395 24938
0a040014 0a00001d 10000 100 99492 2975000 41629 42066
0a080009 0a000007 10000 100 90776 2977000 40422 39185
0a050014 0a080007 10000 100 95970 2981999 40523 40893
0a09000b 0a05000b 10000 100 8137 3014000 11481 11896
0a04001d 0a080009 10000 100 87358 2987000 38557 38060
0a09000a 0a060013 10000 100 26562 3014000 17557 17976
0a060018 0a00000d 10000 100 56572 3005999 27460 27886
0a080008 0a05000e 10000 100 83219 3007999 36377 36690
0a0b0014 0a010002 10000 100 91914 3005999 39144 39564
0a0b000d 0a01001d 10000 100 64305 3031999 30042 30438
0a090015 0a060002 10000 100 36361 3043999 20797 21219
0a09000b 0a000008 10000 100 84320 3041999 36643 37057
0a08001c 0a0a001c 10000 100 22841 3070999 16424 16754
0a08000e 0a050012 10000 100 41025 3076999 22335 22758
0a070008 0a0b001e 10000 100 21119 3085000 15770 16188
0a080010 0a060006 10000 100 15033 3098000 13762 14179
0a09000f 0a000008 10000 100 104143 3092000 43182 43600
0a070012 0a030020 10000 100 82674 3072000 63192 36515
0a060012 0a02001f 10000 100 72145 3102999 32608 33039
0a070018 0a060011 10000 100 33260 3119999 20249 20196
0a01000c 0a0a0013 10000 100 38956 3124000 21643 22065
0a0a0004 0a08000e 10000 100 7698 3137000 11340 11755
0a080005 0a07000f 10000 100 56560 3122999 27489 27882
0a0a001e 0a040018 10000 100 576187 2942000 225759 199493
0a090004 0a06000b 10000 100 78533 3139999 34834 35144
0a05001e 0a02000a 10000 100 35053 3148999 26249 20785
0a050016 0a00001e 10000 100 78968 3154000 46701 35283
0a0a0006 0a010013 10000 100 102100 3080999 127593 42931
0a08001d 0a07001f 10000 100 10852 3212000 12379 12795
0a030006 0a090011 10000 100 249552 2628999 599123 91621
0a000006 0a070006 10000 100 104498 3191999 43315 43714
0a01001e 0a070004 10000 100 189605 3154000 102580 71824
0a070018 0a02000b 10000 100 15803 3246999 14534 14425
0a0b0016 0a07000c 10000 100 98140 3171000 97224 41618
0a0a001d 0a050002 10000 100 102208 3209000 60060 42966
0a040007 0a080018 10000 100 30092 3249000 23386 19152
0a03000c 0a0a0001 10000 100 23869 3263999 16665 17083
0a070003 0a060003 10000 100 45746 3262999 24000 24314
0a000017 0a02000c 10000 100 71838 3271000 32610 32925
0a020010 0a04000b 10000 100 4728 3308000 12970 10774
0a0a000e 0a060018 10000 100 40903 3302999 23311 22719
0a000006 0a08000a 10000 100 26421 3310000 17698 17931
0a04000c 0a01001c 10000 100 39407 3305999 22148 22224
0a090019 0a0a000e 10000 100 60636 3301000 29318 29233
0a060014 0a010009 10000 100 38607 3314000 21629 21953
0a0b0020 0a090015 10000 100 90145 3301999 38560 38983
0a050003 0a050002 10000 100 10120 3333000 7876 8305
0a050012 0a04001b 10000 100 77969 3307000 34596 34948
0a01000a 0a080018 10000 100 76546 3311999 46503 34493
0a020019 0a070010 10000 100 101678 3321999 42344 42781
0a06001f 0a0a0014 10000 100 92599 3288000 81267 39784
0a0b0017 0a080007 10000 100 192 3363000 8236 9276
0a09001d 0a040008 10000 100 48391 3347999 24786 25192
0a050012 0a000019 10000 100 37386 3370000 32804 21547
0a06001f 0a000012 10000 100 87810 3324999 78063 38205
0a020008 0a090006 10000 100 31328 3379000 28493 19547
0a070015 0a040018 10000 100 2804 3397999 9714 10128
0a07000e 0a070018 10000 100 4131 3406000 6951 6328
0a050006 0a090006 10000 100 55399 3380999 35487 27496
0a0b000a 0a060013 10000 100 9083 3428000 11798 12214
0a030004 0a070017 10000 100 101039 3408000 42139 42576
0a080003 0a08001b 10000 100 66090 3425000 26357 26800
0a060019 0a080018 10000 100 41597 3422999 28987 22941
0a090011 0a080004 10000 100 92731 2841999 634353 39826
0a000017 0a07001e 10000 100 74574 3457000 33403 33831
0a030018 0a070002 10000 100 30188 3474999 18762 19182
0a000008 0a070018 10000 100 62856 3448999 49398 29959
0a04001d 0a06000e 10000 100 95288 3464000 40321 40675
0a080013 0a000014 10000 100 394020 3373000 138818 139326
0a0b0018 0a02000f 10000 100 81987 3474000 62494 36280
0a0a000c 0a00001a 10000 100 92900 3497000 39573 39880
0a010018 0a01000d 10000 100 66437 3507999 55864 26911
0a000012 0a0a001c 10000 100 12869 3555000 13288 13456
0a020014 0a0b000c 10000 100 77435 3542000 34463 34777
0a04000c 0a070013 10000 100 4210 3569000 10179 10593
0a02001a 0a080007 10000 100 103152 3542000 42884 43268
0a040009 0a05000b 10000 100 2078 3579000 9482 9895
0a050006 0a050012 10000 100 6566 3582999 6709 7137
0a070008 0a020001 10000 100 82469 3560999 36002 36434
0a090001 0a020007 10000 100 28906 3580999 18444 18757
0a06001a 0a010016 10000 100 71724 3579000 32459 32888
0a070002 0a0a001b 10000 100 89891 3573999 38587 38886
0a010002 0a0b001c 10000 100 83476 3582999 36339 36772
0a08000f 0a000004 10000 100 15482 3616999 19040 14323
0a090015 0a09001f 10000 100 65892 3609999 26278 26721
0a040008 0a04000e 10000 100 41720 3640000 18303 18740
0a090001 0a060008 10000 100 71079 3625999 33439 32682
0a02000d 0a0b000b 10000 100 59466 3634000 28416 28843
0a070018 0a050010 10000 100 28123 3631999 32498 18491
0a00000a 0a090005 10000 100 58033 3638000 27942 28369
0a01000c 0a020010 10000 100 33089 3650000 20542 20141
0a08000d 0a05000b 10000 100 87395 3657000 37702 38072
0a000009 0a00001c 10000 100 50730 3674000 21276 21715
0a02000b 0a02001f 10000 100 63916 3689000 25631 26073
0a08000f 0a070015 10000 100 597225 3504000 211003 206440
0a090010 0a09000f 10000 100 36478 3716999 30574 17016
0a070017 0a0a0005 10000 100 17361 3709000 39119 14939
0a070003 0a03000a 10000 100 65295 3720999 30342 30770
0a090010 0a0b0006 10000 100 10279 3736999 17454 12596
0a010011 0a090020 10000 100 93150 3697000 69749 39975
0a0b0010 0a04000a 10000 100 860464 3481000 292786 293365
0a02001e 0a020014 10000 100 45696 3755000 19640 20058
0a050014 0a07001f 10000 100 80790 3765999 35450 35882
0a08000f 0a0a0015 10000 100 26400 3798000 17505 17924
0a000019 0a01000d 10000 100 78046 3784000 35711 34988
0a0b000d 0a00001f 10000 100 13765 3814999 13342 13758
0a080016 0a0b001c 10000 100 4560 3827999 10390 10720
0a00000f 0a000011 10000 100 15388 3834999 9622 10053
0a0a000a 0a02000c 10000 100 99454 3804000 42578 42054
0a0b000b 0a05001e 10000 100 103789 3821000 43049 43487
0a02000f 0a04001b 10000 100 45499 3850000 23812 24235
0a040006 0a070005 10000 100 89970 3516000 371163 38912
0a06000b 0a07001c 10000 100 56293 3870999 27371 27797
0a030016 0a0a0002 10000 100 30625 3906000 18902 19322
0a0a0014 0a02000c 10001 100 103331 3883999 42963 43325
0a06001d 0a01001e 10000 100 45325 3906999 23893 24180
0a020002 0a0b000b 10000 100 95937 3892000 40530 40882
0a04001a 0a050001 10000 100 57965 3906000 27970 28347
0a0a000b 0a060005 10000 100 86700 3897999 37427 37834
0a08001b 0a02001a 10000 100 684515 3704999 234704 235264
0a000006 0a01000c 10000 100 31068 3928000 19044 19464
0a050017 0a05001a 10000 100 75042 3867999 82638 29756
0a070014 0a000001 10000 100 98460 3910000 41284 41720
0a060009 0a060011 10000 100 51447 3939999 21521 21960
0a08001e 0a06000b 10000 100 63201 3948000 29656 30084
0a020008 0a040011 10000 100 28095 3969999 20450 18482
0a00000d 0a0b0015 10000 100 67964 3963999 31267 31655
0a000003 0a050005 10000 100 713352 3500000 506952 244784
0a0b001c 0a0b000f 10000 100 56357 3971999 41557 23577
0a020020 0a000013 10000 100 4708 4003999 10353 10768
0a010019 0a00001b 10000 100 5657 4015000 10657 11071
0a000014 0a030018 10000 100 715257 3785999 244938 245408
0a06001a 0a080019 10000 100 8174 4021000 11574 11907
0a010013 0a03000d 10000 100 59341 4008000 29159 28803
0a080017 0a0b001d 10000 100 55303 3993000 45244 27465
0a05000e 0a090017 10000 100 100349 4009000 41923 42340
0a02001c 0a030002 10000 100 49853 4013000 41444 25675
0a02001f 0a04000d 10000 100 102820 4015000 42861 43162
0a08001c 0a010015 10000 100 510256 3883999 177428 177719
0a07001f 0a030014 10000 100 36410 3957999 112722 21235
0a070004 0a050015 10000 100 47332 4054000 24698 24837
0a04000f 0a080003 10000 100 65699 4035000 51661 30899
0a080007 0a0b001a 10000 100 72102 4066000 32734 33025
0a060010 0a080009 10000 100 93320 4030999 70025 40030
0a06001d 0a07000d 10000 100 16221 4094999 14232 14559
0a070012 0a010005 10000 100 47051 4069999 39583 24747
0a030017 0a07001e 10000 100 5446 4102999 10599 11004
0a06001d 0a03001e 10000 100 42616 4109999 22859 23282
0a030012 0a000016 10000 100 52075 4111000 26083 26401
0a080001 0a02001d 10000 100 31304 4121999 19829 19539
0a05001e 0a070019 10000 100 63993 4113999 29929 30338
0a020003 0a000014 10000 100 89796 4114999 38422 38856
0a070004 0a020017 10000 100 65263 4126999 30741 30760
0a030013 0a060007 10000 100 33780 4145000 19941 20362
0a0b000f 0a06001a 10000 100 35301 4179000 21245 20864
0a040011 0a070003 10000 100 56934 4139000 65102 28002
0a040017 0a000015 10000 100 61002 4192999 29027 29350
0a04001f 0a080009 10000 100 49633 4159000 72266 25604
0a030016 0a010013 10000 100 40274 4211000 22080 22502
0a000005 0a0a0003 10000 100 25381 4224999 17281 17583
0a07001c 0a0b000e 10000 100 52334 4222000 26119 26484
0a040002 0a0b0010 10000 100 734857 4006000 251407 251880
0a020011 0a060003 10000 100 26634 4250000 17619 17999
0a00000a 0a07000a 10000 100 83112 4242000 36310 36656
0a010003 0a0a0020 10000 100 47467 4258999 24456 24880
0a08000c 0a04001a 10000 100 63327 4256000 29696 30125
0a050005 0a06000f 10000 100 57743 4270999 42023 28276
0a08001b 0a00000a 10000 100 2131 4310999 9499 9912
0a020002 0a00000e 10000 100 44149 4309000 23365 23788
0a080007 0a040004 10000 100 67896 4317999 32322 31633
0a090002 0a080004 10000 100 66767 4322000 31013 31256
0a020019 0a010015 10000 100 29008 4329000 27591 18789
0a080004 0a06000e 10000 100 30749 4338999 19453 19362
0a0b0020 0a08001c 10000 100 78480 4334000 34815 35127
0a02001a 0a08001d 10000 100 557 4368999 8528 9393
0a000002 0a030010 10000 100 50711 4360000 25641 25949
0a04001f 0a000001 10000 100 95407 4354000 40515 40713
0a070009 0a040014 10000 100 19673 4385000 15292 15710
0a03001d 0a000017 10000 100 50206 4375000 25393 25788
0a050015 0a020008 10000 100 96600 4355999 72396 41110
0a040011 0a06000f 10000 100 907131 3802999 626782 308774
0a010012 0a03000b 10000 100 85847 4401999 37680 37561
0a040014 0a0a0007 10000 100 37078 4422999 21112 21448
0a060016 0a06001c 10000 100 71081 4420999 27999 28443
0a080016 0a000017 10000 100 34965 4435999 20392 20757
0a080020 0a000007 10000 100 60848 4416999 41142 29301
0a020014 0a080012 10000 100 13482 4447000 13236 13652
0a090020 0a070016 10000 100 4508 4451000 10344 10704
0a00001c 0a0a0011 10000 100 26264 4435999 25719 17880
0a09000b 0a040011 10000 100 9142 4471000 12109 12232
0a05001b 0a04001f 10000 100 19389 4483000 15264 15604
0a08000b 0a000009 10000 100 36941 4467999 33076 21405
0a020015 0a0a0020 10000 100 63812 4492999 29852 30280
0a00001e 0a070004 10000 100 84228 4460000 64545 37028
0a0b0015 0a0a000a 10000 100 76118 4479999 47963 34341
0a030017 0a01001a 10000 100 31845 4529000 19307 19728
0a0b0005 0a0a0014 10000 100 54369 4525000 26851 27166
0a08000b 0a030009 10000 100 12695 4551999 17378 13400
0a0b0011 0a0a0008 10000 100 121022 4527999 48729 49171
0a080013 0a050020 10000 100 7852 4568000 11389 11804
0a01001a 0a020019 10000 100 89327 4551000 39444 38706
0a04000f 0a01000a 10000 100 37243 4559999 32987 21501
0a010001 0a0b0009 10000 100 70887 4571000 33449 32621
0a06001f 0a060007 10000 100 34152 4585999 26656 16241
0a040018 0a020015 10000 100 9280 4602000 11861 12277
0a06000e 0a080003 10000 100 20452 4601000 15680 15959
0a03000e 0a04000b 10000 100 103022 4582000 45430 43226
0a090003 0a0a0020 10000 100 9420 4612999 17713 12321
0a010009 0a00001a 10000 100 90972 4628000 40391 39248
0a040010 0a06001d 10000 100 67635 4638999 31184 31549
0a090010 0a050018 10000 100 374518 4419000 255874 132885
0a04001b 0a0b0007 10000 100 46889 4671999 24936 24696
0a040008 0a0a0015 10000 100 98781 4661000 41387 41823
0a02001a 0a00000b 10000 100 101859 4583000 122214 42839
0a07000a 0a02001e 10000 100 79593 4671999 35067 35499
0a090008 0a0b0017 10000 100 86477 4671999 37452 37763
0a0a000a 0a0b0004 10000 100 77652 4649999 60830 34847
0a080017 0a07001d 10000 100 7290 4703999 13466 11609
0a090017 0a0b000c 10000 100 74104 4691999 33288 33681
0a030005 0a040002 10000 100 52370 4700000 26191 26496
0a0a001e 0a070019 10000 100 67325 4675999 53652 31435
0a040020 0a09001c 10000 100 50608 4706000 25607 25916
0a000019 0a02001d 10000 100 37722 4710999 22641 21670
0a0a0019 0a09000b 10000 100 51809 4715999 25984 26316
0a070009 0a050014 10000 100 14533 4732000 13587 14004
0a070010 0a000020 10000 100 62884 3069999 1676663 29968
0a01000a 0a0a001b 10000 100 1900 4753000 9504 9838
0a010010 0a030007 10000 100 654102 4547999 224654 225224
0a07001e 0a05001d 10000 100 445381 4625999 155886 156283
0a080004 0a070002 10000 100 770647 4518999 263107 263702
0a0b001c 0a00001e 10000 100 29087 4767000 18980 18815
0a060012 0a070009 10000 100 92042 4760999 39366 39605
0a050014 0a090015 10000 100 23596 4787999 16700 16996
0a01001c 0a09000d 10000 100 53223 4789999 27056 26784
0a020020 0a070019 10000 100 3337 4811000 10005 10313
0a08000b 0a050010 10000 100 34153 4794999 31024 20482
0a080012 0a0a0013 10000 100 19682 4811000 15309 15713
0a040013 0a050013 10000 100 37592 4810000 21206 21628
0a080007 0a0a0018 10000 100 3119 4836000 9948 10244
0a0b0016 0a03000a 10000 100 32344 4834999 20707 19888
0a0b0014 0a000014 10000 100 78867 4832000 34928 35251
0a000011 0a0a0007 10000 100 96272 4824000 43467 41005
0a050005 0a010003 10000 100 87864 4834999 40414 38222
0a03001f 0a000016 10000 100 23831 4877000 16653 17071
0a080002 0a02001c 10000 100 4213 4895000 10596 10594
0a05001d 0a050009 10000 100 8096 4902000 7309 7642
0a050009 0a040007 10000 100 69993 4879999 31936 32319
0a09001f 0a070004 10000 100 72528 4878999 44629 33161
0a0a0017 0a04001d 10000 100 58145 4924999 28095 28405
0a020018 0a010002 10000 100 40104 4931999 22073 22448
0a0a0015 0a070003 10000 100 50217 4931999 25486 25791
0a000002 0a020020 10000 100 96711 4930999 40709 41145
0a070002 0a02000f 10000 100 95024 4937000 40174 40590
0a0a0015 0a060007 10000 100 53234 4952999 26437 26787
0a0a0002 0a08001a 10000 100 83115 4917000 63596 36656
0a06001d 0a060001 10000 100 63737 4956000 25574 26016
0a0b0014 0a060010 10000 100 55187 4961000 27205 27428
0a070020 0a080019 10000 100 93983 4951999 39920 40242
0a000003 0a020008 10000 100 103655 4897999 109552 43444
0a02001e 0a0b001d 10000 100 25316 4994000 17143 17562
0a000007 0a06000f 10000 100 26540 4987000 26748 17969
0a030011 0a000001 10000 100 59323 4989999 28425 28797
0a020002 0a060015 10000 100 545159 4895000 188713 189241
0a0a0011 0a03000d 10000 100 652021 4856000 232451 224528
0a0a0019 0a040018 10000 100 946378 4773999 321094 321733
0a070001 0a0a001a 10000 100 610504 4265999 1047354 210828
0a030003 0a0a000d 10000 100 971214 4878999 649292 329941
0a0a0006 0a0b0019 10000 100 3545 4518999 1449275 10380
0a0b000c 0a0b0003 10000 100 512098 1000000 5146799 174084
0a0b001e 0a0b0003 10000 100 512614 1000000 5152615 174249
0a0b001a 0a0b0003 10000 100 512950 1000000 5155074 174357
0a0a0007 0a0b0003 10000 100 512216 1000000 5211776 178362
0a05000f 0a0b0003 10000 100 512393 1000000 5212077 178418
0a020014 0a0b0003 10000 100 512739 1000000 5218004 178529
0a0a001d 0a0b0003 10000 100 512932 1000000 5419461 178591
0a080015 0a0b0003 10000 100 512141 1000000 7223575 178338
0a080005 0a0b0003 10000 100 512395 1000000 7223875 178419
0a090006 0a0b0003 10000 100 512263 1000000 7224134 178377
0a07001a 0a0b0003 10000 100 512432 1000000 7226427 178431
0a0a001b 0a0b0003 10000 100 512483 1000000 7226857 178447
0a09001b 0a0b0003 10000 100 512592 1000000 7229100 178482
0a010016 0a0b0003 10000 100 512593 1000000 7231445 178482
0a080019 0a0b0003 10000 100 512927 1000000 7232411 178589
0a0a0019 0a0b0003 10000 100 512857 1000000 7234345 178567
0a040002 0a0b0003 10000 100 512855 1000000 7235288 178566
0a0a001e 0a0b0003 10000 100 512071 1000000 7248561 178315
0a040008 0a0b0003 10000 100 513017 1000000 7255108 178633
0a070019 0a0b0003 10000 100 512034 1000000 7340434 178304
0a080008 0a0b0003 10000 100 512672 1000000 7346335 178508
0a050019 0a0b0003 10000 100 512897 1000000 7348311 178580
0a02000f 0a0b0003 10000 100 512925 1000000 7350172 178589
0a010001 0a0b0003 10000 100 512418 1000000 7384124 178426
0a020008 0a0b0003 10000 100 512948 1000000 7422406 178596
0a03001b 0a0b0003 10000 100 512257 1000000 7776120 178375
0a030001 0a0b0003 10000 100 512539 1000000 7777457 178465
0a080012 0a0b0003 10000 100 512587 1000000 7778810 178480
0a020004 0a0b0003 10000 100 512856 1000000 7779794 178567
0a0a000e 0a0b0003 10000 100 512866 1000000 7781196 178570
0a0a000c 0a0b0003 10000 100 512926 1000000 7782742 178589
0a030004 0a0b0003 10000 100 512057 1000000 8111110 178311
0a020007 0a0b0003 10000 100 512189 1000000 8113250 178353
0a060008 0a0b0003 10000 100 512055 1000000 8113442 178310
0a000008 0a0b0003 10000 100 512383 1000000 8114234 178415
0a04000d 0a0b0003 10000 100 512837 1000000 8115172 178560
0a06000c 0a0b0003 10000 100 512844 1000000 8116112 178563
0a040004 0a0b0003 10000 100 513014 1000000 8118111 178632
0a080006 0a0b0003 10000 100 512964 1000000 8130969 178601
0a090010 0a0b0003 10000 100 512023 1000000 8443033 178300
0a000006 0a0b0003 10000 100 512237 1000000 8443252 178368
0a03001f 0a0b0003 10000 100 512322 1000000 8443530 178396
0a00001f 0a0b0003 10000 100 512332 1000000 8443811 178399
0a070003 0a0b0003 10000 100 512467 1000000 8444135 178442
0a030018 0a0b0003 10000 100 512511 1000000 8444541 178456
0a01000f 0a0b0003 10000 100 512637 1000000 8444852 178496
0a090017 0a0b0003 10000 100 512665 1000000 8445240 178505
0a050010 0a0b0003 10000 100 512875 1000000 8445695 178573
0a0b0003 0a090012 10000 100 7338 4929000 4531022 11624
0a08001a 0a0b0003 10000 100 512886 1000000 8496481 178576
0a090011 0a0b0003 10000 100 512060 1000000 11316261 178312
0a02001d 0a080020 10000 100 37326819 1175000 12351904 12336015
0a040004 0a02001b 10000 100 36804661 2432000 12156739 12163579
0a090004 0a080009 10000 100 34520190 3410999 11447658 11409155
0a00001e 0a020006 10000 100 37467092 3295000 12612466 12382346
0a0b0004 0a020016 10000 100 35447657 3768000 12180785 11715437
0a09000d 0a0a001d 10000 100 45367140 1925999 14999808 14991248
0a000010 0a090009 10000 100 48386060 155999 17090497 15988222
0a0b0009 0a0a0005 10000 100 50703823 796999 17304302 16753637
0a02001c 0a020008 10000 100 44848792 3305999 14891338 14815837
0a0b0007 0a0b0016 10000 100 49281010 3831000 16268308 16279536
0a0a000e 0a000011 10000 100 60437667 4303999 19954577 19968138
0a00000f 0a0a000f 10000 100 54948408 4864000 20193453 18155373
0a04000d 0a030008 10000 100 63470304 4235000 20954145 20969640
0a06001f 0a000020 10000 100 34449715 1361000 24232840 11385881
0a07000c 0a070018 10000 100 69006733 1819000 24326427 22793751
0a000018 0a0a001e 10000 100 72850554 2126999 24074340 24067381
0a010015 0a03000e 10000 100 67412887 4122999 22256830 22271632
0a0a0005 0a0b0004 10000 100 73223400 3191999 24724306 24190501
0a0b001b 0a04001c 10000 100 80332929 1678000 27208409 26538357
0a020010 0a02000a 10000 100 39379054 2954000 25996412 13009503
0a060008 0a000007 10000 100 37471644 4026000 25050406 12383849
0a030009 0a010018 10000 100 83425059 1157000 28907586 27559496
0a070012 0a07000c 10000 100 83351085 1822999 28416833 27530831
0a090005 0a0b000e 10000 100 78655011 4621000 25964999 25984235
0a0a000f 0a00000b 10000 100 36002004 1278999 29651618 11898512
0a0b0018 0a050016 10000 100 86668438 1389000 30562204 28630585
0a040019 0a000010 10000 100 92879148 1701000 31213158 30681618
0a030003 0a0b0018 10000 100 83490836 4691999 28823376 27581220
0a010001 0a03000c 10000 100 87660187 4801999 28936765 28958113
0a00001a 0a0b0015 10000 100 94688574 4139000 31257302 31279159
0a000007 0a060020 10000 100 96573070 3459999 32523057 31901505
0a08000b 0a040001 10000 100 100044980 3129999 33051415 33048059
0a020010 0a080018 10000 100 68665558 497000 35932049 22685328
0a06000f 0a09001e 10000 100 104851935 1988999 34622514 34635513
0a090003 0a05001c 10000 100 58885467 484000 37159155 19455536
0a04000f 0a010014 10000 100 108852704 2546000 35969730 35956725
0a03000d 0a070001 10000 100 110557115 1293000 37542542 36519585
0a090010 0a010006 10000 100 111544956 2024000 37722170 36845816
0a020019 0a020003 10000 100 55735565 4723999 36789568 18411087
0a040011 0a050005 10000 100 117751487 2271000 39719679 38895451
0a080018 0a02000d 10000 100 111717778 4873999 37614541 36902886
0a06001f 0a00001e 10000 100 90988198 4880999 38071946 30057145
0a09000c 0a040016 10000 100 130643112 855999 43168707 43152790
0a060004 0a05001a 10000 100 82221738 3138000 40890175 27162114
0a060008 0a0b000f 10000 100 62471193 3406999 42115868 20639695
0a000020 0a000019 10000 100 129084891 2516000 43866138 42633960
0a0a001a 0a070005 10000 100 65465349 3239000 43183895 21628483
0a00001c 0a08001a 10000 100 88238974 3794000 44529666 29149239
0a04001c 0a070010 10000 100 106630901 4501999 45245837 35223000
0a0a0009 0a030014 10000 100 128786977 2216000 47899165 42539811
0a060020 0a070005 10000 100 89792039 1975000 51273532 29662132
0a060017 0a070011 10000 100 127551084 3720000 58433296 42131684
0a020019 0a080005 10000 100 121114622 4001000 58380102 40006106
0a090003 0a070004 10000 100 119796628 2200999 61357061 39570847
0a000004 0a090011 10000 100 109468289 1869000 67150024 36160009
0a03001b 0a090011 10000 100 99890596 1247999 69187091 32997074
0a03001b 0a0a000a 10000 100 115436285 1876999 70437669 38130886
0a010006 0a0a0010 10000 100 111635081 3578000 69499837 36875578
0a05001a 0a000020 10000 100 117671024 1420999 77327486 38868888
0a080017 0a0a0006 10000 100 130833893 304000 83670434 43215791
0a05001a 0a010012 10000 100 131218290 2807000 81798726 43342730
0a010011 0a0a0006 10000 100 129793925 3054999 83285478 42872356
0a070001 0a080006 10000 100 102313950 233999 88230225 33797369
0a070001 0a070010 10000 100 94537821 3657000 85572318 31225142
0a0a000f 0a08000c 10000 100 125350942 4512000 91956948 41405105
0a0a000f 0a040011 10000 100 133918980 4974000 94551741 44234614
