778
194 72 3 100 19821 0.000008
285 218 3 100 49064 0.000010
162 213 3 100 58319 0.000033
201 21 3 100 71405 0.000036
282 192 3 100 98156 0.000038
91 63 3 100 913718 0.000050
89 75 3 100 35187 0.000065
189 71 3 100 11297 0.000074
184 333 3 100 69829 0.000074
333 107 3 100 92144 0.000077
375 71 3 100 50895 0.000101
362 169 3 100 102886 0.000104
181 323 3 100 4030 0.000106
294 349 3 100 38523 0.000109
204 43 3 100 62639 0.000110
259 307 3 100 80664 0.000120
226 183 3 100 103885 0.000132
26 403 3 100 22764 0.000137
300 145 3 100 54606 0.000146
327 142 3 100 260395 0.000150
75 35 3 100 442341 0.000151
35 316 3 100 48386060 0.000156
278 85 3 100 39482 0.000162
390 309 3 100 30945 0.000168
279 185 3 100 75279 0.000177
234 320 3 100 46067 0.000188
137 280 3 100 95773 0.000193
106 253 3 100 52457 0.000200
305 316 3 100 23302 0.000207
40 237 3 100 73143 0.000214
385 248 3 100 9802 0.000221
29 136 3 100 61554 0.000230
244 281 3 100 102313950 0.000234
124 288 3 100 158006 0.000237
70 400 3 100 59733 0.000239
31 322 3 100 78955 0.000246
369 386 3 100 25413 0.000247
157 288 3 100 49657 0.000260
23 234 3 100 89778 0.000275
296 246 3 100 13067 0.000281
366 335 3 100 12021 0.000284
71 90 3 100 24837 0.000286
346 341 3 100 86261 0.000292
366 352 3 100 68940 0.000296
298 345 3 100 130833893 0.000304
304 74 3 100 64594 0.000306
395 250 3 100 14992 0.000311
279 366 3 100 72956 0.000319
322 25 3 100 80689 0.000322
216 135 3 100 94125 0.000337
223 145 3 100 61955 0.000339
155 285 3 100 99572 0.000341
61 110 3 100 22680 0.000342
136 124 3 100 22897 0.000359
384 242 3 100 84117 0.000362
130 284 3 100 67116 0.000375
179 308 3 100 52461 0.000378
234 97 3 100 96850 0.000384
336 314 3 100 61849 0.000399
136 44 3 100 23663 0.000401
70 299 3 100 26230 0.000424
228 289 3 100 914359 0.000437
95 168 3 100 88985 0.000442
258 227 3 100 52413 0.000444
270 93 3 100 71106 0.000460
101 355 3 100 90870 0.000479
310 207 3 100 58885467 0.000484
373 23 3 100 250609 0.000486
99 299 3 100 68665558 0.000497
78 20 3 100 90016 0.000517
273 342 3 100 36697 0.000517
306 76 3 100 12049 0.000517
398 269 3 100 724476 0.000518
219 56 3 100 77206 0.000532
252 327 3 100 86822 0.000544
403 40 3 100 36370 0.000553
36 87 3 100 15978 0.000555
352 263 3 100 356909 0.000561
113 89 3 100 33811 0.000566
389 55 3 100 478421 0.000580
96 248 3 100 100135 0.000584
351 143 3 100 20995 0.000588
127 278 3 100 9063 0.000588
136 110 3 100 97713 0.000591
381 76 3 100 46904 0.000601
288 286 3 100 702076 0.000609
275 88 3 100 87179 0.000618
97 305 3 100 73225 0.000631
123 232 3 100 100899 0.000636
154 36 3 100 25930 0.000643
308 193 3 100 72005 0.000661
384 365 3 100 513681 0.000668
21 366 3 100 38917 0.000674
195 401 3 100 20012 0.000677
381 402 3 100 99676 0.000678
186 137 3 100 6622 0.000679
190 54 3 100 856572 0.000680
245 355 3 100 92891 0.000692
396 388 3 100 35749 0.000695
232 224 3 100 47367 0.000702
93 143 3 100 8824 0.000704
86 63 3 100 70773 0.000721
279 214 3 100 69463 0.000730
76 257 3 100 65295 0.000730
356 84 3 100 89742 0.000737
174 309 3 100 101720 0.000744
75 269 3 100 5281 0.000764
196 83 3 100 4919 0.000772
98 88 3 100 52653 0.000780
312 129 3 100 63007 0.000786
182 209 3 100 8830 0.000794
380 344 3 100 50703823 0.000797
70 33 3 100 62351 0.000806
391 207 3 100 85269 0.000812
319 263 3 100 140747 0.000824
344 308 3 100 944819 0.000826
48 195 3 100 86200 0.000829
324 312 3 100 53596 0.000841
49 147 3 100 22860 0.000847
355 29 3 100 37608 0.000856
319 169 3 100 130643112 0.000856
91 79 3 100 61305 0.000866
134 270 3 100 428605 0.000869
350 353 3 100 88720 0.000887
115 43 3 100 86645 0.000899
227 377 3 100 42635 0.000906
318 150 3 100 82264 0.000908
32 296 3 100 57325 0.000910
74 220 3 100 37536 0.000913
304 37 3 100 23990 0.000925
378 254 3 100 54391 0.000934
199 156 3 100 42362 0.000942
394 324 3 100 36298 0.000958
53 298 3 100 17564 0.000979
52 307 3 100 52110 0.000991
313 374 3 100 512263 0.001000
269 374 3 100 512432 0.001000
351 374 3 100 512926 0.001000
66 374 3 100 512637 0.001000
90 374 3 100 512189 0.001000
334 374 3 100 512592 0.001000
146 374 3 100 512322 0.001000
300 374 3 100 512927 0.001000
369 374 3 100 512071 0.001000
364 374 3 100 512857 0.001000
116 374 3 100 512539 0.001000
91 374 3 100 512948 0.001000
281 374 3 100 512964 0.001000
397 374 3 100 512950 0.001000
160 374 3 100 512837 0.001000
195 374 3 100 512875 0.001000
383 374 3 100 512098 0.001000
223 374 3 100 512844 0.001000
149 374 3 100 512855 0.001000
368 374 3 100 512932 0.001000
139 374 3 100 512511 0.001000
330 374 3 100 512665 0.001000
346 374 3 100 512216 0.001000
25 374 3 100 512237 0.001000
98 374 3 100 512925 0.001000
219 374 3 100 512055 0.001000
323 374 3 100 512023 0.001000
103 374 3 100 512739 0.001000
194 374 3 100 512393 0.001000
87 374 3 100 512856 0.001000
73 374 3 100 512593 0.001000
119 374 3 100 512057 0.001000
301 374 3 100 512886 0.001000
50 374 3 100 512332 0.001000
366 374 3 100 512483 0.001000
246 374 3 100 512467 0.001000
151 374 3 100 513014 0.001000
293 374 3 100 512587 0.001000
283 374 3 100 512672 0.001000
155 374 3 100 513017 0.001000
27 374 3 100 512383 0.001000
353 374 3 100 512866 0.001000
280 374 3 100 512395 0.001000
268 374 3 100 512034 0.001000
52 374 3 100 512418 0.001000
296 374 3 100 512141 0.001000
324 374 3 100 512060 0.001000
204 374 3 100 512897 0.001000
142 374 3 100 512257 0.001000
401 374 3 100 512614 0.001000
42 398 3 100 98587 0.001007
187 161 3 100 94649 0.001031
180 273 3 100 36592 0.001033
260 113 3 100 61766 0.001036
403 237 3 100 638386 0.001044
104 403 3 100 11200 0.001044
257 48 3 100 547424 0.001049
301 220 3 100 54212 0.001050
306 100 3 100 95356 0.001059
174 178 3 100 63295 0.001059
145 271 3 100 39443 0.001075
93 234 3 100 101688 0.001086
376 167 3 100 35239 0.001092
155 275 3 100 11793 0.001096
247 59 3 100 997905 0.001110
290 123 3 100 71836 0.001111
104 196 3 100 57704 0.001133
358 75 3 100 71476 0.001134
368 302 3 100 21832 0.001157
124 75 3 100 83425059 0.001157
282 234 3 100 99851 0.001163
389 330 3 100 97486 0.001167
33 170 3 100 37880 0.001170
112 307 3 100 37326819 0.001175
273 380 3 100 31950 0.001177
38 156 3 100 101662 0.001181
277 399 3 100 38518 0.001195
270 212 3 100 89912 0.001202
65 368 3 100 31563 0.001215
359 95 3 100 48832 0.001216
259 195 3 100 99601 0.001219
232 300 3 100 86563 0.001229
326 60 3 100 22730 0.001232
153 81 3 100 17128 0.001235
259 104 3 100 186 0.001241
116 306 3 100 97886 0.001246
142 324 3 100 99890596 0.001248
330 113 3 100 7004 0.001254
326 27 3 100 64340 0.001255
201 342 3 100 100667 0.001263
234 132 3 100 79881 0.001265
27 276 3 100 241648 0.001278
401 191 3 100 65650 0.001279
354 30 3 100 36002004 0.001279
355 24 3 100 84016 0.001285
102 138 3 100 74247 0.001291
128 244 3 100 110557115 0.001293
281 131 3 100 78226 0.001323
210 346 3 100 84546 0.001339
192 365 3 100 58609 0.001344
242 51 3 100 34449715 0.001361
288 249 3 100 61964 0.001371
173 234 3 100 68816 0.001382
215 355 3 100 94162 0.001385
395 201 3 100 86668438 0.001389
191 209 3 100 393186 0.001392
169 159 3 100 41344 0.001398
150 112 3 100 76693 0.001404
22 25 3 100 13223 0.001406
143 296 3 100 80442 0.001416
112 151 3 100 21551 0.001416
117 59 3 100 34692 0.001420
205 51 3 100 117671024 0.001421
243 317 3 100 79887 0.001434
188 252 3 100 28637 0.001442
322 320 3 100 98704 0.001445
123 120 3 100 97360 0.001449
396 170 3 100 59519 0.001449
120 393 3 100 14798 0.001463
307 176 3 100 69044 0.001466
211 149 3 100 102455 0.001476
257 294 3 100 8753 0.001483
368 136 3 100 710196 0.001493
235 181 3 100 83332 0.001494
38 84 3 100 63546 0.001495
228 21 3 100 94242 0.001500
147 385 3 100 9494 0.001511
211 86 3 100 38769 0.001515
347 328 3 100 91847 0.001519
329 268 3 100 79965 0.001523
148 185 3 100 59242 0.001538
235 208 3 100 8961 0.001539
379 289 3 100 13526 0.001554
54 171 3 100 29641 0.001563
292 250 3 100 31530 0.001565
75 311 3 100 90071 0.001568
45 133 3 100 45748 0.001573
76 186 3 100 39872 0.001574
312 206 3 100 49632 0.001577
112 38 3 100 48369 0.001610
103 92 3 100 868397 0.001613
282 343 3 100 97506 0.001616
103 35 3 100 10402 0.001616
318 210 3 100 79168 0.001619
380 376 3 100 79171 0.001633
335 42 3 100 46987 0.001639
376 105 3 100 63025 0.001641
160 196 3 100 52478 0.001641
279 369 3 100 50138 0.001643
283 290 3 100 11718 0.001646
206 132 3 100 91689 0.001662
290 401 3 100 7774 0.001667
87 271 3 100 33240 0.001671
338 231 3 100 97649 0.001674
398 175 3 100 80332929 0.001678
60 30 3 100 215341 0.001682
189 213 3 100 72164 0.001690
172 35 3 100 92879148 0.001701
219 393 3 100 60989 0.001702
287 170 3 100 12422 0.001702
190 195 3 100 74682 0.001704
317 373 3 100 47357 0.001704
225 170 3 100 59067 0.001713
249 279 3 100 93191 0.001716
216 284 3 100 80070 0.001720
403 313 3 100 64627 0.001723
47 79 3 100 56954 0.001732
43 326 3 100 75438 0.001733
136 357 3 100 76652 0.001739
348 121 3 100 11693 0.001740
372 40 3 100 26218 0.001743
72 274 3 100 91186 0.001744
302 249 3 100 47765 0.001746
173 279 3 100 89544 0.001757
170 331 3 100 90272 0.001763
274 342 3 100 24527 0.001767
258 171 3 100 103290 0.001779
283 201 3 100 92025 0.001813
255 267 3 100 69006733 0.001819
276 228 3 100 14251 0.001821
261 255 3 100 83351085 0.001823
116 221 3 100 80656 0.001826
68 30 3 100 83092 0.001837
257 256 3 100 21132 0.001847
339 329 3 100 20815 0.001857
51 178 3 100 53192 0.001857
207 331 3 100 80461 0.001860
23 324 3 100 109468289 0.001869
142 349 3 100 115436285 0.001877
215 368 3 100 6589 0.001899
320 368 3 100 45367140 0.001926
323 235 3 100 27817 0.001936
29 351 3 100 51530 0.001938
191 52 3 100 28287 0.001939
75 140 3 100 909234 0.001939
230 183 3 100 5313 0.001956
144 266 3 100 37926 0.001960
146 178 3 100 484 0.001962
243 248 3 100 89792039 0.001975
63 34 3 100 51780 0.001975
60 51 3 100 67181 0.001981
181 107 3 100 68332 0.001983
226 337 3 100 104851935 0.001989
119 180 3 100 48988 0.001992
67 249 3 100 782107 0.002009
164 249 3 100 15890 0.002012
212 341 3 100 77094 0.002015
323 57 3 100 111544956 0.002024
230 379 3 100 83413 0.002032
352 158 3 100 39998 0.002034
387 298 3 100 75670 0.002045
246 86 3 100 76943 0.002050
396 220 3 100 30165 0.002052
241 362 3 100 1072 0.002063
372 218 3 100 554846 0.002068
222 346 3 100 81744 0.002070
356 327 3 100 42912 0.002086
119 149 3 100 24119 0.002090
297 368 3 100 40018 0.002095
395 326 3 100 60077 0.002099
179 339 3 100 5047 0.002111
43 369 3 100 72850554 0.002127
114 156 3 100 80538 0.002136
94 286 3 100 76648 0.002141
377 48 3 100 87349 0.002156
169 231 3 100 645860 0.002158
72 342 3 100 59268 0.002174
369 395 3 100 90679 0.002176
44 198 3 100 939988 0.002176
232 244 3 100 850498 0.002177
224 39 3 100 51115 0.002191
310 247 3 100 119796628 0.002201
392 283 3 100 60861 0.002203
287 346 3 100 80515 0.002208
283 297 3 100 18687 0.002212
348 135 3 100 128786977 0.002216
394 154 3 100 39452 0.002220
90 363 3 100 25541 0.002225
199 86 3 100 61534 0.002226
321 195 3 100 55769 0.002230
220 134 3 100 28143 0.002237
328 331 3 100 63274 0.002245
94 158 3 100 60876 0.002249
29 288 3 100 73278 0.002258
164 184 3 100 117751487 0.002271
196 121 3 100 52531 0.002285
200 135 3 100 188067 0.002298
348 297 3 100 42630 0.002310
150 104 3 100 35988 0.002314
273 339 3 100 813250 0.002320
392 215 3 100 42481 0.002320
41 249 3 100 54933 0.002321
68 36 3 100 58469 0.002337
265 196 3 100 99741 0.002356
161 150 3 100 92516 0.002361
290 56 3 100 123610 0.002375
321 21 3 100 68832 0.002392
270 192 3 100 102918 0.002399
145 317 3 100 21307 0.002403
246 116 3 100 688177 0.002411
127 268 3 100 74543 0.002420
151 110 3 100 36804661 0.002432
68 163 3 100 18252 0.002438
229 69 3 100 87822 0.002443
360 164 3 100 72312 0.002459
237 334 3 100 79980 0.002471
333 198 3 100 54681 0.002479
203 396 3 100 91337 0.002479
204 64 3 100 72956 0.002479
125 244 3 100 259 0.002485
192 108 3 100 73736 0.002492
176 289 3 100 65239 0.002495
349 259 3 100 53534 0.002510
51 44 3 100 129084891 0.002516
180 39 3 100 103366 0.002537
162 71 3 100 108852704 0.002546
323 207 3 100 75155 0.002550
134 159 3 100 1365 0.002561
70 366 3 100 59664 0.002570
384 204 3 100 22621 0.002581
291 62 3 100 67539 0.002583
208 250 3 100 90284 0.002602
88 173 3 100 649429 0.002603
349 313 3 100 88569 0.002605
237 315 3 100 45751 0.002605
240 260 3 100 104232 0.002616
100 50 3 100 10920 0.002620
245 77 3 100 89266 0.002621
295 168 3 100 58180 0.002626
121 324 3 100 249552 0.002629
290 343 3 100 50158 0.002632
139 75 3 100 43776 0.002642
125 313 3 100 48406 0.002657
253 155 3 100 96444 0.002661
160 345 3 100 14331 0.002676
258 371 3 100 79545 0.002678
318 371 3 100 44054 0.002679
44 221 3 100 72280 0.002695
45 316 3 100 57508 0.002695
353 151 3 100 96414 0.002704
209 62 3 100 14210 0.002705
377 208 3 100 55420 0.002709
393 48 3 100 68236 0.002712
101 208 3 100 37779 0.002721
216 388 3 100 458438 0.002732
195 247 3 100 4233 0.002736
91 117 3 100 42547 0.002739
297 184 3 100 83620 0.002764
162 281 3 100 16733 0.002767
146 313 3 100 414147 0.002769
257 332 3 100 41876 0.002796
285 135 3 100 50533 0.002796
396 349 3 100 67391 0.002797
205 69 3 100 131218290 0.002807
108 191 3 100 20401 0.002812
248 26 3 100 150 0.002817
336 111 3 100 7616 0.002829
85 234 3 100 7211 0.002835
88 357 3 100 97459 0.002841
324 279 3 100 92731 0.002842
96 369 3 100 30141 0.002856
363 333 3 100 19688 0.002857
357 40 3 100 79020 0.002860
136 267 3 100 27329 0.002869
311 163 3 100 50588 0.002871
202 274 3 100 60203 0.002880
60 236 3 100 20648 0.002884
77 135 3 100 47648 0.002895
293 64 3 100 74437 0.002898
347 372 3 100 14453 0.002898
345 338 3 100 8931 0.002900
295 319 3 100 8399 0.002901
283 202 3 100 67738 0.002902
113 311 3 100 47686 0.002914
98 391 3 100 57218 0.002919
29 345 3 100 39603 0.002928
325 284 3 100 4640 0.002929
42 401 3 100 61685 0.002940
24 388 3 100 8188 0.002942
369 171 3 100 576187 0.002942
293 298 3 100 80633 0.002952
99 93 3 100 39379054 0.002954
253 325 3 100 64878 0.002956
79 401 3 100 37096 0.002963
349 358 3 100 45871 0.002975
167 48 3 100 99492 0.002975
284 26 3 100 90776 0.002977
199 282 3 100 95970 0.002982
176 284 3 100 87358 0.002987
235 32 3 100 56572 0.003006
391 53 3 100 91914 0.003006
283 193 3 100 83219 0.003008
317 230 3 100 26562 0.003014
318 190 3 100 8137 0.003014
384 80 3 100 64305 0.003032
318 27 3 100 84320 0.003042
328 213 3 100 36361 0.003044
68 345 3 100 129793925 0.003055
259 51 3 100 62884 0.003070
303 367 3 100 22841 0.003071
261 147 3 100 82674 0.003072
289 197 3 100 41025 0.003077
345 70 3 100 102100 0.003081
251 401 3 100 21119 0.003085
322 27 3 100 104143 0.003092
291 217 3 100 15033 0.003098
229 114 3 100 72145 0.003103
267 228 3 100 33260 0.003120
280 258 3 100 56560 0.003123
63 358 3 100 38956 0.003124
286 148 3 100 100044980 0.003130
343 289 3 100 7698 0.003137
215 205 3 100 82221738 0.003138
311 222 3 100 78533 0.003140
209 93 3 100 35053 0.003149
201 49 3 100 78968 0.003154
81 247 3 100 189605 0.003154
393 255 3 100 98140 0.003171
344 375 3 100 73223400 0.003192
25 249 3 100 104498 0.003192
368 181 3 100 102208 0.003209
304 274 3 100 10852 0.003212
365 248 3 100 65465349 0.003239
267 94 3 100 15803 0.003247
154 299 3 100 30092 0.003249
246 214 3 100 45746 0.003263
127 340 3 100 23869 0.003264
42 95 3 100 71838 0.003271
242 359 3 100 92599 0.003288
49 89 3 100 37467092 0.003295
332 353 3 100 60636 0.003301
403 328 3 100 90145 0.003302
353 235 3 100 40903 0.003303
111 91 3 100 44848792 0.003306
159 79 3 100 39407 0.003306
197 174 3 100 77969 0.003307
99 158 3 100 4728 0.003308
25 285 3 100 26421 0.003310
61 299 3 100 76546 0.003312
231 60 3 100 38607 0.003314
108 259 3 100 101678 0.003322
242 37 3 100 87810 0.003325
182 181 3 100 10120 0.003333
336 155 3 100 48391 0.003348
394 282 3 100 192 0.003363
197 44 3 100 37386 0.003370
294 39 3 100 394020 0.003373
91 313 3 100 31328 0.003379
185 313 3 100 55399 0.003381
264 171 3 100 2804 0.003398
257 267 3 100 4131 0.003406
219 386 3 100 62471193 0.003407
119 266 3 100 101039 0.003408
311 284 3 100 34520190 0.003411
236 299 3 100 41597 0.003423
278 302 3 100 66090 0.003425
381 230 3 100 9083 0.003428
27 267 3 100 62856 0.003449
42 273 3 100 74574 0.003457
26 243 3 100 96573070 0.003460
176 225 3 100 95288 0.003464
395 98 3 100 81987 0.003474
139 245 3 100 30188 0.003475
387 157 3 100 860464 0.003481
351 45 3 100 92900 0.003497
22 184 3 100 713352 0.003500
290 264 3 100 597225 0.003504
75 64 3 100 66437 0.003508
153 248 3 100 89970 0.003516
103 383 3 100 77435 0.003542
109 282 3 100 103152 0.003542
37 367 3 100 12869 0.003555
251 84 3 100 82469 0.003561
159 262 3 100 4210 0.003569
245 366 3 100 89891 0.003574
57 355 3 100 111635081 0.003578
237 73 3 100 71724 0.003579
156 190 3 100 2078 0.003579
308 90 3 100 28906 0.003581
53 399 3 100 83476 0.003583
185 197 3 100 6566 0.003583
328 338 3 100 65892 0.003610
290 23 3 100 15482 0.003617
308 219 3 100 71079 0.003626
267 195 3 100 28123 0.003632
96 382 3 100 59466 0.003634
29 312 3 100 58033 0.003638
155 161 3 100 41720 0.003640
63 99 3 100 33089 0.003650
288 190 3 100 87395 0.003657
244 259 3 100 94537821 0.003657
28 47 3 100 50730 0.003674
94 114 3 100 63916 0.003689
68 339 3 100 93150 0.003697
302 109 3 100 684515 0.003705
266 344 3 100 17361 0.003709
323 322 3 100 36478 0.003717
234 260 3 100 127551084 0.003720
246 125 3 100 65295 0.003721
323 377 3 100 10279 0.003737
113 103 3 100 45696 0.003755
199 274 3 100 80790 0.003766
375 105 3 100 35447657 0.003768
44 64 3 100 78046 0.003784
39 139 3 100 715257 0.003786
47 301 3 100 88238974 0.003794
290 360 3 100 26400 0.003798
164 226 3 100 907131 0.003803
349 95 3 100 99454 0.003804
384 50 3 100 13765 0.003815
382 209 3 100 103789 0.003821
297 399 3 100 4560 0.003828
378 393 3 100 49281010 0.003831
34 36 3 100 15388 0.003835
98 174 3 100 45499 0.003850
202 205 3 100 75042 0.003868
222 271 3 100 56293 0.003871
303 72 3 100 510256 0.003884
359 95 3 100 103331 0.003884
85 382 3 100 95937 0.003892
350 216 3 100 86700 0.003898
137 341 3 100 30625 0.003906
173 180 3 100 57965 0.003906
240 81 3 100 45325 0.003907
263 20 3 100 98460 0.003910
25 63 3 100 31068 0.003928
220 228 3 100 51447 0.003940
305 222 3 100 63201 0.003948
274 135 3 100 36410 0.003958
32 392 3 100 67964 0.003964
91 164 3 100 28095 0.003970
399 386 3 100 56357 0.003972
298 400 3 100 55303 0.003993
108 280 3 100 121114622 0.004001
115 38 3 100 4708 0.004004
149 387 3 100 734857 0.004006
70 128 3 100 59341 0.004008
193 330 3 100 100349 0.004009
111 117 3 100 49853 0.004013
114 160 3 100 102820 0.004015
76 46 3 100 5657 0.004015
237 300 3 100 8174 0.004021
219 26 3 100 37471644 0.004026
227 284 3 100 93320 0.004031
162 278 3 100 65699 0.004035
247 200 3 100 47332 0.004054
282 397 3 100 72102 0.004066
261 56 3 100 47051 0.004070
240 256 3 100 16221 0.004095
138 273 3 100 5446 0.004103
240 145 3 100 42616 0.004110
133 41 3 100 52075 0.004111
209 268 3 100 63993 0.004114
86 39 3 100 89796 0.004115
276 112 3 100 31304 0.004122
72 129 3 100 67412887 0.004123
247 106 3 100 65263 0.004127
45 392 3 100 94688574 0.004139
164 246 3 100 56934 0.004139
134 218 3 100 33780 0.004145
178 284 3 100 49633 0.004159
386 237 3 100 35301 0.004179
170 40 3 100 61002 0.004193
137 70 3 100 40274 0.004211
271 385 3 100 52334 0.004222
24 342 3 100 25381 0.004225
160 123 3 100 63470304 0.004235
29 253 3 100 83112 0.004242
100 214 3 100 26634 0.004250
287 173 3 100 63327 0.004256
54 371 3 100 47467 0.004259
244 365 3 100 610504 0.004266
184 226 3 100 57743 0.004271
353 36 3 100 60437667 0.004304
85 33 3 100 44149 0.004309
302 29 3 100 2131 0.004311
282 151 3 100 67896 0.004318
309 279 3 100 66767 0.004322
108 72 3 100 29008 0.004329
403 303 3 100 78480 0.004334
279 225 3 100 30749 0.004339
178 20 3 100 95407 0.004354
200 91 3 100 96600 0.004356
21 131 3 100 50711 0.004360
109 304 3 100 557 0.004369
144 42 3 100 50206 0.004375
252 167 3 100 19673 0.004385
69 126 3 100 85847 0.004402
307 26 3 100 60848 0.004417
323 203 3 100 374518 0.004419
233 239 3 100 71081 0.004421
167 346 3 100 37078 0.004423
47 356 3 100 26264 0.004436
297 42 3 100 34965 0.004436
103 293 3 100 13482 0.004447
339 265 3 100 4508 0.004451
49 247 3 100 84228 0.004460
286 28 3 100 36941 0.004468
318 164 3 100 9142 0.004471
392 349 3 100 76118 0.004480
206 178 3 100 19389 0.004483
104 371 3 100 63812 0.004493
175 259 3 100 106630901 0.004502
354 287 3 100 125350942 0.004512
345 396 3 100 3545 0.004519
279 245 3 100 770647 0.004519
376 359 3 100 54369 0.004525
388 347 3 100 121022 0.004528
138 77 3 100 31845 0.004529
67 122 3 100 654102 0.004548
77 108 3 100 89327 0.004551
286 124 3 100 12695 0.004552
162 61 3 100 37243 0.004560
294 211 3 100 7852 0.004568
52 380 3 100 70887 0.004571
129 158 3 100 103022 0.004582
109 30 3 100 101859 0.004583
242 218 3 100 34152 0.004586
225 278 3 100 20452 0.004601
171 104 3 100 9280 0.004602
310 371 3 100 9420 0.004613
312 385 3 100 78655011 0.004621
273 208 3 100 445381 0.004626
60 45 3 100 90972 0.004628
163 240 3 100 67635 0.004639
349 375 3 100 77652 0.004650
155 360 3 100 98781 0.004661
174 378 3 100 46889 0.004672
253 113 3 100 79593 0.004672
315 394 3 100 86477 0.004672
369 268 3 100 67325 0.004676
330 383 3 100 74104 0.004692
118 395 3 100 83490836 0.004692
120 149 3 100 52370 0.004700
298 272 3 100 7290 0.004704
179 335 3 100 50608 0.004706
44 112 3 100 37722 0.004711
364 318 3 100 51809 0.004716
108 86 3 100 55735565 0.004724
252 199 3 100 14533 0.004732
61 366 3 100 1900 0.004753
229 252 3 100 92042 0.004761
399 49 3 100 29087 0.004767
364 171 3 100 946378 0.004774
199 328 3 100 23596 0.004788
79 320 3 100 53223 0.004790
286 195 3 100 34153 0.004795
52 127 3 100 87660187 0.004802
166 198 3 100 37592 0.004810
115 268 3 100 3337 0.004811
293 358 3 100 19682 0.004811
36 346 3 100 96272 0.004824
391 39 3 100 78867 0.004832
393 125 3 100 32344 0.004835
184 54 3 100 87864 0.004835
282 363 3 100 3119 0.004836
356 128 3 100 652021 0.004856
34 354 3 100 54948408 0.004864
299 96 3 100 111717778 0.004874
146 41 3 100 23831 0.004877
338 247 3 100 72528 0.004879
118 352 3 100 971214 0.004879
188 154 3 100 69993 0.004880
242 49 3 100 90988198 0.004881
85 232 3 100 545159 0.004895
277 111 3 100 4213 0.004895
22 91 3 100 103655 0.004898
208 188 3 100 8096 0.004902
341 301 3 100 83115 0.004917
362 176 3 100 58145 0.004925
374 325 3 100 7338 0.004929
21 115 3 100 96711 0.004931
360 246 3 100 50217 0.004932
107 53 3 100 40104 0.004932
245 98 3 100 95024 0.004937
275 300 3 100 93983 0.004952
360 218 3 100 53234 0.004953
240 212 3 100 63737 0.004956
391 227 3 100 55187 0.004961
354 164 3 100 133918980 0.004974
26 226 3 100 26540 0.004987
132 20 3 100 59323 0.004990
113 400 3 100 25316 0.004994
