292
147 126 3 100 58875 0.000024
195 305 3 100 98672 0.000056
387 316 3 100 16338 0.000082
360 308 3 100 14140 0.000093
211 303 3 100 9465 0.000099
349 344 3 100 48492 0.000100
151 134 3 100 91553 0.000110
384 113 3 100 5068 0.000122
186 242 3 100 85026 0.000122
374 25 3 100 31280 0.000145
348 260 3 100 420971 0.000268
265 345 3 100 12914 0.000277
136 21 3 100 25103 0.000277
245 321 3 100 49155 0.000296
139 396 3 100 89696 0.000309
139 278 3 100 9831 0.000314
302 175 3 100 32986 0.000329
371 377 3 100 52953 0.000340
376 325 3 100 56151210 0.000348
195 375 3 100 30008 0.000350
35 364 3 100 4032 0.000366
130 146 3 100 3619 0.000382
100 314 3 100 20366 0.000384
319 352 3 100 81753 0.000390
220 40 3 100 60899 0.000391
227 59 3 100 853569 0.000425
294 144 3 100 125695590 0.000437
368 148 3 100 75407733 0.000460
40 241 3 100 8430 0.000463
160 299 3 100 48154 0.000478
42 392 3 100 57815 0.000499
143 195 3 100 5233 0.000514
372 376 3 100 37279638 0.000534
185 337 3 100 383871 0.000557
82 24 3 100 58694 0.000573
397 21 3 100 42854 0.000579
271 176 3 100 36651 0.000614
381 183 3 100 63651 0.000655
150 21 3 100 35091 0.000672
195 46 3 100 15788 0.000717
62 95 3 100 46956351 0.000725
176 267 3 100 57589 0.000773
28 185 3 100 75053915 0.000787
81 282 3 100 66449 0.000801
117 343 3 100 92792 0.000806
389 197 3 100 100763 0.000808
326 124 3 100 51161 0.000821
246 210 3 100 2215 0.000827
367 249 3 100 33109 0.000873
38 144 3 100 98753499 0.000889
24 248 3 100 610815 0.000901
369 228 3 100 42654 0.000911
385 145 3 100 94831 0.000921
104 322 3 100 93967 0.000931
217 325 3 100 42919 0.000975
287 189 3 100 97077935 0.000986
178 74 3 100 26310 0.000987
103 54 3 100 89261 0.001000
29 273 3 100 512608 0.001000
305 273 3 100 512975 0.001000
384 273 3 100 512003 0.001000
98 273 3 100 512973 0.001000
231 273 3 100 512341 0.001000
269 273 3 100 512497 0.001000
361 273 3 100 512472 0.001000
74 273 3 100 512121 0.001000
81 273 3 100 512963 0.001000
311 273 3 100 512349 0.001000
232 273 3 100 512386 0.001000
375 273 3 100 512374 0.001000
199 273 3 100 512977 0.001000
184 273 3 100 512996 0.001000
106 273 3 100 512099 0.001000
150 273 3 100 512535 0.001000
340 273 3 100 512231 0.001000
381 273 3 100 512305 0.001000
366 273 3 100 512748 0.001000
80 273 3 100 512624 0.001000
374 273 3 100 512556 0.001000
39 273 3 100 512549 0.001000
275 273 3 100 512144 0.001000
20 273 3 100 512151 0.001000
280 273 3 100 512979 0.001000
149 273 3 100 512676 0.001000
163 273 3 100 512921 0.001000
153 273 3 100 512067 0.001000
48 273 3 100 512627 0.001000
70 273 3 100 512402 0.001000
327 273 3 100 512547 0.001000
266 273 3 100 513018 0.001000
90 273 3 100 512796 0.001000
286 273 3 100 512088 0.001000
222 273 3 100 512801 0.001000
285 273 3 100 512873 0.001000
309 273 3 100 512793 0.001000
115 273 3 100 512641 0.001000
138 273 3 100 512144 0.001000
25 273 3 100 512212 0.001000
233 273 3 100 512686 0.001000
44 273 3 100 512799 0.001000
307 273 3 100 512714 0.001000
398 273 3 100 512501 0.001000
26 273 3 100 512908 0.001000
169 273 3 100 512060 0.001000
353 273 3 100 512603 0.001000
57 273 3 100 512954 0.001000
371 273 3 100 513015 0.001000
66 273 3 100 512676 0.001000
96 361 3 100 60247 0.001012
210 125 3 100 30829 0.001015
145 237 3 100 109485621 0.001029
337 295 3 100 88265 0.001061
265 366 3 100 47691 0.001134
345 365 3 100 84871 0.001165
118 93 3 100 3494 0.001173
187 347 3 100 24063 0.001205
310 313 3 100 42133 0.001263
193 286 3 100 23251 0.001269
112 382 3 100 1448 0.001333
72 22 3 100 83495 0.001353
172 153 3 100 11508 0.001367
150 376 3 100 92637 0.001417
128 240 3 100 65616 0.001451
144 330 3 100 97431 0.001458
111 49 3 100 3793 0.001458
255 270 3 100 49161 0.001474
336 345 3 100 862000 0.001504
203 55 3 100 89596 0.001510
23 133 3 100 104025 0.001517
152 283 3 100 69569 0.001590
141 77 3 100 63534 0.001617
373 300 3 100 22973 0.001617
312 369 3 100 21733 0.001639
70 219 3 100 52877 0.001644
160 242 3 100 51952570 0.001659
149 280 3 100 91947 0.001671
215 51 3 100 27172 0.001685
226 219 3 100 30010 0.001721
269 382 3 100 61168 0.001756
356 244 3 100 95921 0.001766
338 397 3 100 67930 0.001777
216 55 3 100 55766 0.001782
341 366 3 100 80890 0.001795
50 186 3 100 16012 0.001800
271 119 3 100 30933 0.001812
230 122 3 100 12397 0.001833
152 278 3 100 21164 0.001862
245 375 3 100 90847 0.001875
330 62 3 100 97277 0.001879
307 98 3 100 968118 0.001921
314 275 3 100 104258567 0.001959
271 82 3 100 19442 0.001969
150 239 3 100 73581 0.001978
87 319 3 100 14440 0.001983
154 363 3 100 340569 0.002050
179 71 3 100 59200 0.002138
186 30 3 100 17628 0.002156
333 276 3 100 45534 0.002174
274 24 3 100 36622 0.002225
189 295 3 100 166821 0.002228
184 45 3 100 36885 0.002254
301 249 3 100 30494 0.002277
355 153 3 100 194 0.002311
77 35 3 100 60511 0.002329
171 240 3 100 1023 0.002330
128 20 3 100 53848 0.002334
290 121 3 100 98615522 0.002376
185 220 3 100 94149 0.002387
361 213 3 100 9386 0.002442
363 317 3 100 946640 0.002459
393 274 3 100 54379 0.002461
149 276 3 100 33825 0.002463
184 25 3 100 768627 0.002467
129 353 3 100 34287 0.002490
58 302 3 100 16542 0.002509
89 353 3 100 37469 0.002525
42 201 3 100 828252 0.002546
140 51 3 100 292613 0.002555
364 251 3 100 9754 0.002566
302 143 3 100 97925 0.002573
170 155 3 100 59093 0.002591
229 260 3 100 547176 0.002595
194 48 3 100 20433 0.002603
331 283 3 100 22594 0.002608
243 351 3 100 10565 0.002614
240 277 3 100 58455 0.002629
305 301 3 100 53809 0.002658
353 374 3 100 85640 0.002680
96 227 3 100 49384 0.002719
62 168 3 100 810634 0.002725
293 394 3 100 69022 0.002756
40 146 3 100 85301 0.002769
68 110 3 100 37973 0.002841
267 401 3 100 49947 0.002854
338 95 3 100 70003 0.002899
71 255 3 100 31567 0.002937
344 227 3 100 86597 0.002958
246 81 3 100 41386 0.002971
133 181 3 100 38627 0.002974
148 117 3 100 49822 0.002977
373 250 3 100 19562 0.002978
36 74 3 100 23762 0.002981
79 142 3 100 84531 0.002999
137 145 3 100 56796 0.003018
48 51 3 100 19783 0.003070
394 300 3 100 104277 0.003070
44 288 3 100 99833 0.003092
183 107 3 100 103137 0.003102
155 147 3 100 49303 0.003143
51 374 3 100 80161 0.003164
72 126 3 100 34810 0.003172
194 399 3 100 75235 0.003196
372 387 3 100 78134 0.003202
124 110 3 100 31553 0.003206
36 35 3 100 13281 0.003223
252 154 3 100 12520 0.003227
259 142 3 100 64619 0.003239
174 47 3 100 71954 0.003274
261 74 3 100 84638 0.003319
240 403 3 100 80967 0.003320
355 175 3 100 14261 0.003320
57 42 3 100 67540 0.003322
112 387 3 100 102518 0.003331
392 249 3 100 34450375 0.003360
367 49 3 100 89512 0.003375
228 194 3 100 55125 0.003395
238 148 3 100 99728 0.003408
128 146 3 100 97770 0.003410
91 79 3 100 56090 0.003431
301 243 3 100 34554516 0.003486
87 360 3 100 70077 0.003511
242 268 3 100 77586 0.003575
323 25 3 100 78741 0.003584
342 203 3 100 78781 0.003591
74 79 3 100 80241 0.003604
227 26 3 100 41338 0.003627
158 76 3 100 91928 0.003635
277 335 3 100 325255 0.003683
402 123 3 100 50109 0.003698
336 223 3 100 65947 0.003709
178 275 3 100 28079 0.003759
315 165 3 100 33909 0.003791
259 309 3 100 827427 0.003837
378 233 3 100 78182 0.003852
268 276 3 100 62043845 0.003869
134 319 3 100 79066888 0.003919
141 60 3 100 831541 0.003920
84 351 3 100 21533 0.003920
59 374 3 100 485850 0.003931
67 83 3 100 14025 0.003942
127 329 3 100 4456 0.003975
131 243 3 100 48772 0.003984
230 307 3 100 23527 0.003985
259 45 3 100 127392076 0.004008
75 260 3 100 12703 0.004047
92 160 3 100 48250 0.004074
54 334 3 100 18453 0.004107
43 351 3 100 40883 0.004193
385 55 3 100 5644 0.004218
138 250 3 100 35631 0.004224
367 70 3 100 11919 0.004229
191 161 3 100 7484 0.004242
222 374 3 100 85722619 0.004259
274 182 3 100 8281 0.004260
73 154 3 100 77338 0.004308
389 259 3 100 52926 0.004350
195 358 3 100 319720 0.004353
402 105 3 100 63284 0.004376
230 208 3 100 94370 0.004441
70 157 3 100 28285 0.004463
34 163 3 100 131936625 0.004477
99 309 3 100 62704 0.004502
124 302 3 100 72897598 0.004505
382 378 3 100 90353 0.004530
96 227 3 100 20636 0.004556
98 104 3 100 61713 0.004623
403 122 3 100 67029 0.004654
400 172 3 100 127000992 0.004698
340 251 3 100 66374 0.004716
197 356 3 100 80485 0.004733
317 247 3 100 44768 0.004739
67 314 3 100 41455 0.004745
29 27 3 100 127000277 0.004753
169 23 3 100 479 0.004764
250 378 3 100 93879 0.004766
85 185 3 100 51470 0.004774
181 339 3 100 26792 0.004787
255 90 3 100 7306 0.004852
113 331 3 100 53696 0.004853
285 34 3 100 46608 0.004979
299 231 3 100 88787 0.004994
58 229 3 100 44792 0.004999
