4035450 186 0 1 1
4048194 186 0 1 0
4052682 186 0 1 1
4064034 186 0 1 0
4068522 186 0 1 1
4080369 186 0 1 0
4084857 186 0 1 1
4097275 186 0 1 0
4102258 186 0 1 1
4115190 186 0 1 0
4119678 186 0 1 1
4131620 186 0 1 0
4136108 186 0 1 1
4147555 186 0 1 0
4152043 186 0 1 1
4164480 186 0 1 0
4168968 186 0 1 1
4181900 186 0 1 0
4188368 186 0 1 1
4188849 186 0 1 0
4189358 186 0 1 1
4197302 186 0 1 0
4205750 186 0 1 1
4212742 186 0 1 0
4405381 202 0 1 1
4489639 202 0 1 0
4495668 202 0 1 1
4505219 202 0 1 0
