2780275 124 0 1 1
2787495 124 0 1 0
2793963 124 0 1 1
2801355 124 0 1 0
2807823 124 0 1 1
2812245 124 0 1 0
2858489 124 0 1 1
2865705 124 0 1 0
2872173 124 0 1 1
2879565 124 0 1 0
2886033 124 0 1 1
2893425 124 0 1 0
2899893 124 0 1 1
2907285 124 0 1 0
2913753 124 0 1 1
2921145 124 0 1 0
2927613 124 0 1 1
2935005 124 0 1 0
2941473 124 0 1 1
2948865 124 0 1 0
2955333 124 0 1 1
2962725 124 0 1 0
2969193 124 0 1 1
2976585 124 0 1 0
2983053 124 0 1 1
2990445 124 0 1 0
2996913 124 0 1 1
3004305 124 0 1 0
3010773 124 0 1 1
3018165 124 0 1 0
3024633 124 0 1 1
3032025 124 0 1 0
3038493 124 0 1 1
3045885 124 0 1 0
3052353 124 0 1 1
3059745 124 0 1 0
3066213 124 0 1 1
3073605 124 0 1 0
3080073 124 0 1 1
3087465 124 0 1 0
3093933 124 0 1 1
3101325 124 0 1 0
3107793 124 0 1 1
3115185 124 0 1 0
3121653 124 0 1 1
3129045 124 0 1 0
3135513 124 0 1 1
3142905 124 0 1 0
3149373 124 0 1 1
3156765 124 0 1 0
3163233 124 0 1 1
3170625 124 0 1 0
3177093 124 0 1 1
3183495 124 0 1 0
3188973 124 0 1 1
3195375 124 0 1 0
3487011 4 1 10 1
3519576 4 1 10 0
3521952 4 1 10 1
3573036 4 1 10 0
3575535 4 1 10 1
3620058 4 1 10 0
3622557 4 1 10 1
3674016 4 1 10 0
3676646 4 1 10 1
3730938 4 1 10 0
3733437 4 1 10 1
3781428 4 1 10 0
3783931 4 1 10 1
3835386 4 1 10 0
3837885 4 1 10 1
3887928 4 1 10 0
3890431 4 1 10 1
3933396 4 1 10 0
3935895 4 1 10 1
3986358 4 1 10 0
3988861 4 1 10 1
4035904 4 1 10 0
4038459 4 1 10 1
4082388 4 1 10 0
4084891 4 1 10 1
4136416 4 1 10 0
4138919 4 1 10 1
4188816 4 1 10 0
4191428 4 1 10 1
4242768 4 1 10 0
4245246 4 1 10 1
4293258 4 1 10 0
4295736 4 1 10 1
4350186 4 1 10 0
4352737 4 1 10 1
4408596 4 1 10 0
4411103 4 1 10 1
4459578 4 1 10 0
4462140 4 1 10 1
4514028 4 1 10 0
4516531 4 1 10 1
4566996 4 1 10 0
4569495 4 1 10 1
4620987 4 1 10 0
4623549 4 1 10 1
4687278 4 1 10 0
4689781 4 1 10 1
4741791 258 0 1 1
4743708 4 1 10 0
4746230 4 1 10 1
4748353 258 0 1 0
4755448 258 0 1 1
4762524 258 0 1 0
4770609 258 0 1 1
4777685 258 0 1 0
4786284 258 0 1 1
4791361 258 0 1 0
4802035 258 0 1 1
4806617 258 0 1 0
4816282 258 0 1 1
4817082 4 1 10 0
4819581 4 1 10 1
4821378 258 0 1 0
4833080 258 0 1 1
4837611 4 1 8 1
4838157 258 0 1 0
4841597 4 1 8 0
4846802 4 1 8 1
4849859 258 0 1 1
4850507 4 1 8 0
4854955 258 0 1 0
4855339 4 1 8 1
4855457 4 1 8 0
4855708 4 1 8 1
4859943 4 1 8 0
4864779 4 1 8 1
4867152 258 0 1 1
4868822 4 1 8 0
4872248 258 0 1 0
4873904 4 1 8 1
4875876 4 1 10 0
4878124 4 1 8 0
4878157 4 1 10 1
4883940 4 1 8 1
4883950 258 0 1 1
4888127 4 1 8 0
4889027 258 0 1 0
4893697 4 1 8 1
4898323 4 1 8 0
4901243 258 0 1 1
4903409 4 1 8 1
4906320 258 0 1 0
4907430 4 1 8 0
4911671 4 1 8 1
4916599 4 1 8 0
4918022 258 0 1 1
4921094 4 1 8 1
4923118 258 0 1 0
4925554 4 1 8 0
4929799 4 1 8 1
4934820 258 0 1 1
4935058 4 1 8 0
4936758 4 1 10 0
4939336 4 1 10 1
4939422 4 1 8 1
4939897 258 0 1 0
4943956 4 1 8 0
4947689 4 1 8 1
4952434 4 1 8 0
4956286 4 1 8 1
4960831 4 1 8 0
4964802 4 1 8 1
4969714 4 1 8 0
4973685 4 1 8 1
4978618 4 1 8 0
4983212 4 1 8 1
4987579 4 1 8 0
4992411 4 1 8 1
4997479 4 1 8 0
5002188 4 1 8 1
5006065 4 1 10 0
5007379 4 1 8 0
5008659 4 1 10 1
5012461 4 1 8 1
5016726 4 1 8 0
5022173 4 1 8 1
5026138 4 1 8 0
5028718 258 0 1 1
5032077 4 1 8 1
5035299 258 0 1 0
5035983 4 1 8 0
5041926 4 1 8 1
5042889 258 0 1 1
5045646 4 1 8 0
5049470 258 0 1 0
5050355 4 1 8 1
5054353 4 1 8 0
5058088 258 0 1 1
5059062 4 1 8 1
5063540 4 1 8 0
5064669 258 0 1 0
5067519 4 1 8 1
5072002 4 1 8 0
5072259 258 0 1 1
5074870 4 1 10 0
5076096 4 1 8 1
5077345 4 1 10 1
5078840 258 0 1 0
5080588 4 1 8 0
5084682 4 1 8 1
5086430 258 0 1 1
5089222 4 1 8 0
5092951 4 1 8 1
5093011 258 0 1 0
5097294 4 1 8 0
5101115 258 0 1 1
5101265 4 1 8 1
5106327 4 1 8 0
5107696 258 0 1 0
5110913 4 1 8 1
5115418 4 1 8 0
5115781 258 0 1 1
5119758 4 1 8 1
5122362 258 0 1 0
5124679 4 1 8 0
5129019 4 1 8 1
5130466 258 0 1 1
5134056 4 1 8 0
5137047 258 0 1 0
5138226 4 1 10 0
5138523 4 1 8 1
5140475 4 1 10 1
5143118 4 1 8 0
5145646 258 0 1 1
5147335 4 1 8 1
5152161 4 1 8 0
5152227 258 0 1 0
5156501 4 1 8 1
5159817 258 0 1 1
5160778 4 1 8 0
5164507 4 1 8 1
5166417 258 0 1 0
5169257 4 1 8 0
5173478 4 1 8 1
5174007 258 0 1 1
5177718 4 1 8 0
5180588 258 0 1 0
5181566 4 1 8 1
5186518 4 1 8 0
5187664 258 0 1 1
5190862 4 1 8 1
5194245 258 0 1 0
5195891 4 1 8 0
5200354 4 1 8 1
5200596 4 1 10 0
5201816 258 0 1 1
5202845 4 1 10 1
5204833 4 1 8 0
5208397 258 0 1 0
5208927 4 1 8 1
5213248 4 1 8 0
5215987 258 0 1 1
5217342 4 1 8 1
5221663 4 1 8 0
5223063 258 0 1 0
5225511 4 1 8 1
5230078 4 1 8 0
5230653 258 0 1 1
5234049 4 1 8 1
5237649 4 1 8 0
5237729 258 0 1 0
5241497 4 1 8 1
5245814 258 0 1 1
5246082 4 1 8 0
5250053 4 1 8 1
5252890 258 0 1 0
5254668 4 1 8 0
5258639 4 1 8 1
5258788 4 1 8 0
5259006 4 1 10 0
5259135 4 1 8 1
5260994 258 0 1 1
5261541 4 1 10 1
5263761 4 1 8 0
5267732 4 1 8 1
5268070 258 0 1 0
5272153 4 1 8 0
5275660 258 0 1 1
5276247 4 1 8 1
5280388 4 1 8 0
5282736 258 0 1 0
5284363 4 1 8 1
5288891 4 1 8 0
5290821 258 0 1 1
5293108 4 1 8 1
5296925 4 1 8 0
5297402 258 0 1 0
5300777 4 1 8 1
5304973 258 0 1 1
5305473 4 1 8 0
5309448 4 1 8 1
5311059 258 0 1 0
5313507 4 1 8 0
5317478 4 1 8 1
5318135 258 0 1 1
5321560 4 1 8 0
5324716 258 0 1 0
5325336 4 1 10 0
5325408 4 1 8 1
5327938 4 1 10 1
5329613 4 1 8 0
5332306 258 0 1 1
5333588 4 1 8 1
5337825 4 1 8 0
5337878 258 0 1 0
5341923 4 1 8 1
5343945 258 0 1 1
5345897 4 1 8 0
5350012 258 0 1 0
5350114 4 1 8 1
5354762 4 1 8 0
5358116 258 0 1 1
5359225 4 1 8 1
5362993 4 1 8 0
5365192 258 0 1 0
5367583 4 1 8 1
5371541 4 1 8 0
5372268 258 0 1 1
5375885 4 1 8 1
5378335 258 0 1 0
5379594 4 1 8 0
5383811 4 1 8 1
5385411 258 0 1 1
5388973 4 1 8 0
5391992 258 0 1 0
5393805 4 1 8 1
5397889 4 1 8 0
5399582 258 0 1 1
5400078 4 1 10 0
5402356 4 1 8 1
5402573 4 1 10 1
5406658 258 0 1 0
5406793 4 1 8 0
5411625 4 1 8 1
5414248 258 0 1 1
5415499 4 1 8 0
5419716 4 1 8 1
5420810 258 0 1 0
5425221 4 1 8 0
5427391 258 0 1 1
5429688 4 1 8 1
5433699 4 1 8 0
5437670 4 1 8 1
5438008 258 0 1 0
5443351 4 1 8 0
5443580 258 0 1 1
5447572 4 1 8 1
5451385 4 1 8 0
5453626 258 0 1 0
5455479 4 1 8 1
5457006 4 1 10 0
5459160 258 0 1 1
5459255 4 1 10 1
5461037 4 1 8 0
5465504 4 1 8 1
5469701 258 0 1 0
5470153 4 1 8 0
5474005 4 1 8 1
5475235 258 0 1 1
5479063 4 1 8 0
5483895 4 1 8 1
5484786 258 0 1 0
5488468 4 1 8 0
5490301 258 0 1 1
5491701 4 1 8 1
5496428 4 1 8 0
5500649 4 1 8 1
5500861 258 0 1 0
5505218 4 1 8 0
5506395 258 0 1 1
5508820 4 1 8 1
5513713 4 1 8 0
5516441 258 0 1 0
5517807 4 1 8 1
5520366 4 1 10 0
5521348 4 1 8 0
5521956 258 0 1 1
5522615 4 1 10 1
5525565 4 1 8 1
5530032 4 1 8 0
5532516 258 0 1 0
5535360 4 1 8 1
5538031 258 0 1 1
5539453 4 1 8 0
5544043 4 1 8 1
5548077 258 0 1 0
5548194 4 1 8 0
5553611 258 0 1 1
5554014 4 1 8 1
5558742 4 1 8 0
5562153 258 0 1 0
5564439 4 1 8 1
5567687 258 0 1 1
5568195 4 1 8 0
5572904 4 1 8 1
5577071 4 1 8 0
5578228 258 0 1 0
5582276 4 1 8 1
5584257 258 0 1 1
5585706 4 1 10 0
5586338 4 1 8 0
5588078 4 1 10 1
5590682 4 1 8 1
5594398 4 1 8 0
5594817 258 0 1 0
5599230 4 1 8 1
5599348 4 1 8 0
5599722 4 1 8 1
5600332 258 0 1 1
5604481 4 1 8 0
5609559 4 1 8 1
5610892 258 0 1 0
5613687 4 1 8 0
5616407 258 0 1 1
5618400 4 1 8 1
5622856 4 1 8 0
5626453 258 0 1 0
5628426 4 1 8 1
5631987 258 0 1 1
5632676 4 1 8 0
5637385 4 1 8 1
5641225 4 1 8 0
5642033 258 0 1 0
5646799 4 1 8 1
5647086 4 1 10 0
5647567 258 0 1 1
5649648 4 1 10 1
5651125 4 1 8 0
5655711 4 1 8 1
5657613 258 0 1 0
5660035 4 1 8 0
5663147 258 0 1 1
5665609 4 1 8 1
5669622 4 1 8 0
5673688 258 0 1 0
5674831 4 1 8 1
5679222 258 0 1 1
5679522 4 1 8 0
5684723 4 1 8 1
5688340 4 1 8 0
5689268 258 0 1 0
5694160 4 1 8 1
5694802 258 0 1 1
5698827 4 1 8 0
5704829 258 0 1 0
5705262 4 1 8 1
5708751 4 1 8 0
5710363 258 0 1 1
5713468 4 1 8 1
5715888 4 1 10 0
5717318 4 1 8 0
5718366 4 1 10 1
5720409 258 0 1 0
5723257 4 1 8 1
5725943 258 0 1 1
5727903 4 1 8 0
5732243 4 1 8 1
5735952 4 1 8 0
5736484 258 0 1 0
5741526 4 1 8 1
5742018 258 0 1 1
5746165 4 1 8 0
5750755 4 1 8 1
5751055 258 0 1 0
5754762 4 1 8 0
5756094 258 0 1 1
5759963 4 1 8 1
5764975 4 1 8 0
5765131 258 0 1 0
5769938 4 1 8 1
5770665 258 0 1 1
5774108 4 1 8 0
5778870 4 1 10 0
5779186 4 1 8 1
5780711 258 0 1 0
5781119 4 1 10 1
5784213 4 1 8 0
5786245 258 0 1 1
5789541 4 1 8 1
5793622 4 1 8 0
5796291 258 0 1 0
5799569 4 1 8 1
5801806 258 0 1 1
5804262 4 1 8 0
5809832 4 1 8 1
5812366 258 0 1 0
5813650 4 1 8 0
5817871 4 1 8 1
5818395 258 0 1 1
5821603 4 1 8 0
5827300 4 1 8 1
5828936 258 0 1 0
5831982 4 1 8 0
5834470 258 0 1 1
5837187 4 1 8 1
5839146 4 1 10 0
5841205 4 1 8 0
5841641 4 1 10 1
5845011 258 0 1 0
5846037 4 1 8 1
5850297 4 1 8 0
5850545 258 0 1 1
5855506 4 1 8 1
5855742 4 1 8 0
5855998 4 1 8 1
5860236 4 1 8 0
5860591 258 0 1 0
5864949 4 1 8 1
5866125 258 0 1 1
5868835 4 1 8 0
5873794 4 1 8 1
5875162 258 0 1 0
5878330 4 1 8 0
5880696 258 0 1 1
5883904 4 1 8 1
5888279 4 1 8 0
5890228 258 0 1 0
5893115 4 1 8 1
5895762 258 0 1 1
5897140 4 1 8 0
5902218 4 1 8 1
5905313 258 0 1 0
5906727 4 1 8 0
5908938 4 1 10 0
5911433 4 1 10 1
5912424 4 1 8 1
5913341 258 0 1 1
5916303 4 1 8 0
5920379 258 0 1 0
5920766 4 1 8 1
5924860 4 1 8 0
5927912 258 0 1 1
5930434 4 1 8 1
5934942 4 1 8 0
5934969 258 0 1 0
5940147 4 1 8 1
5942559 258 0 1 1
5944165 4 1 8 0
5949140 258 0 1 0
5949497 4 1 8 1
5953257 4 1 8 0
5956216 258 0 1 1
5960057 4 1 8 1
5962797 258 0 1 0
5963260 4 1 8 0
5965866 4 1 10 0
5968238 4 1 10 1
5970368 258 0 1 1
5970925 4 1 8 1
5974360 4 1 8 0
5977463 258 0 1 0
5982152 4 1 8 1
5985034 258 0 1 1
5985432 4 1 8 0
5991634 258 0 1 0
5992605 4 1 8 1
5995888 4 1 8 0
5999205 258 0 1 1
6003549 4 1 8 1
6006281 258 0 1 0
6007043 4 1 8 0
6014366 258 0 1 1
6014613 4 1 8 1
6018046 4 1 8 0
6021442 258 0 1 0
6025723 4 1 8 1
6028989 4 1 8 0
6029032 258 0 1 1
6031206 4 1 10 0
6033701 4 1 10 1
6036108 258 0 1 0
6036170 4 1 8 1
6039387 4 1 8 0
6043698 258 0 1 1
6046564 4 1 8 1
6050045 4 1 8 0
6050279 258 0 1 0
6057355 258 0 1 1
6057960 4 1 8 1
6061480 4 1 8 0
6062927 258 0 1 0
6069272 4 1 8 1
6069489 258 0 1 1
6072552 4 1 8 0
6075556 258 0 1 0
6079975 4 1 8 1
6082137 258 0 1 1
6083442 4 1 8 0
6083750 4 1 10 0
6086245 4 1 10 1
6087709 258 0 1 0
6091111 4 1 8 1
6093776 258 0 1 1
6094613 4 1 8 0
6099348 258 0 1 0
6102163 4 1 8 1
6103060 4 1 8 0
6106938 258 0 1 1
6119554 258 0 1 0
6126630 258 0 1 1
6136146 4 1 10 0
6138641 4 1 10 1
6139265 258 0 1 0
6146741 258 0 1 1
6160366 258 0 1 0
6167842 258 0 1 1
6179982 258 0 1 0
6186944 258 0 1 1
6192576 4 1 10 0
6194515 258 0 1 0
6195071 4 1 10 1
6199573 258 0 1 1
6207106 258 0 1 0
6248537 4 1 10 0
6251032 4 1 10 1
6298008 4 1 10 0
6300503 4 1 10 1
6323286 82 0 1 1
6328527 82 0 1 0
6337965 82 0 1 1
6343377 82 0 1 0
6353310 82 0 1 1
6356273 4 1 10 0
6358722 82 0 1 0
6358826 4 1 10 1
6368160 82 0 1 1
6373572 82 0 1 0
6383010 82 0 1 1
6388422 82 0 1 0
6413749 4 1 10 0
6416316 4 1 10 1
6450966 4 1 10 0
6453461 4 1 10 1
6494526 4 1 10 0
6497025 4 1 10 1
6535519 4 1 10 0
6538086 4 1 10 1
6571674 4 1 10 0
6574169 4 1 10 1
6613326 4 1 10 0
6615821 4 1 10 1
6649362 4 1 10 0
6651936 4 1 10 1
6684606 4 1 10 0
6687101 4 1 10 1
6719652 4 1 10 0
6722226 4 1 10 1
6758262 4 1 10 0
6760866 4 1 10 1
6794892 4 1 10 0
6797589 4 1 10 1
6830136 4 1 10 0
6832631 4 1 10 1
6864786 4 1 10 0
6867281 4 1 10 1
6896466 4 1 10 0
6898961 4 1 10 1
6930522 4 1 10 0
6933124 4 1 10 1
6960939 4 1 10 0
6963557 4 1 10 1
6995505 4 1 10 0
6998436 4 1 10 1
7026707 4 1 10 0
7029202 4 1 10 1
7056885 4 1 10 0
7059567 4 1 10 1
7086090 4 1 10 0
7088708 4 1 10 1
7114305 4 1 10 0
7116800 4 1 10 1
7145490 4 1 10 0
7148108 4 1 10 1
7173705 4 1 10 0
7176214 4 1 10 1
7204395 4 1 10 0
7207094 4 1 10 1
7232610 4 1 10 0
7235146 4 1 10 1
7261815 4 1 10 0
7264433 4 1 10 1
7292010 4 1 10 0
7294505 4 1 10 1
7322732 4 1 10 0
7325350 4 1 10 1
7351905 4 1 10 0
7354621 4 1 10 1
7380120 4 1 10 0
7382615 4 1 10 1
7407840 4 1 10 0
7410335 4 1 10 1
7436550 4 1 10 0
7439168 4 1 10 1
7465347 4 1 10 0
7467842 4 1 10 1
7489515 4 1 10 0
7492014 4 1 10 1
7522185 4 1 10 0
7524680 4 1 10 1
7552875 4 1 10 0
7555370 4 1 10 1
7583565 4 1 10 0
7586183 4 1 10 1
7614255 4 1 10 0
7616815 4 1 10 1
7644945 4 1 10 0
7647440 4 1 10 1
7676130 4 1 10 0
7678748 4 1 10 1
7708305 4 1 10 0
7710677 4 1 10 1
7737510 4 1 10 0
7740128 4 1 10 1
7769312 4 1 10 0
7771807 4 1 10 1
7797261 4 1 10 0
7799879 4 1 10 1
7829924 4 1 10 0
7832542 4 1 10 1
7864079 4 1 10 0
7866574 4 1 10 1
7899761 4 1 10 0
7902256 4 1 10 1
7931399 4 1 10 0
7934017 4 1 10 1
7980843 4 1 10 0
7983338 4 1 10 1
8025393 4 1 10 0
8028079 4 1 10 1
8078358 4 1 10 0
8080853 4 1 10 1
8121538 4 1 10 0
8124033 4 1 10 1
8169933 4 1 10 0
8172551 4 1 10 1
8214483 4 1 10 0
8217101 4 1 10 1
8258538 4 1 10 0
8261033 4 1 10 1
8309028 4 1 10 0
8311523 4 1 10 1
8377086 4 1 10 0
8379950 4 1 10 1
8452424 4 1 10 0
8455042 4 1 10 1
8528556 4 1 10 0
8531297 4 1 10 1
8575602 4 1 10 0
8578097 4 1 10 1
8625081 4 1 10 0
8627699 4 1 10 1
8669136 4 1 10 0
8671754 4 1 10 1
8715666 4 1 10 0
8718161 4 1 10 1
8764176 4 1 10 0
8766794 4 1 10 1
8804766 4 1 10 0
8807261 4 1 10 1
8853771 4 1 10 0
8856266 4 1 10 1
8895351 4 1 10 0
8897846 4 1 10 1
8947075 4 1 10 0
8949693 4 1 10 1
8992120 4 1 10 0
8994615 4 1 10 1
9038650 4 1 10 0
9041145 4 1 10 1
9106465 4 1 10 0
9108960 4 1 10 1
9175096 4 1 10 0
9177591 4 1 10 1
9227424 4 1 10 0
9229919 4 1 10 1
9281069 4 1 10 0
9283564 4 1 10 1
9319486 4 1 10 0
9321981 4 1 10 1
9348196 4 1 10 0
9350691 4 1 10 1
9376906 4 1 10 0
9379401 4 1 10 1
9410175 4 1 10 0
9412793 4 1 10 1
9439380 4 1 10 0
9441875 4 1 10 1
9467595 4 1 10 0
9470090 4 1 10 1
9496305 4 1 10 0
9498923 4 1 10 1
9504209 4 1 10 0
9507865 4 1 10 1
9517574 4 1 10 0
9520684 4 1 10 1
9530444 4 1 10 0
9533554 4 1 10 1
9543314 4 1 10 0
9546424 4 1 10 1
9556184 4 1 10 0
9559294 4 1 10 1
9568903 4 1 10 0
9572013 4 1 10 1
9581773 4 1 10 0
9584883 4 1 10 1
9594643 4 1 10 0
9597753 4 1 10 1
9607513 4 1 10 0
9610623 4 1 10 1
9620383 4 1 10 0
9623493 4 1 10 1
9633253 4 1 10 0
9636363 4 1 10 1
9646123 4 1 10 0
9649233 4 1 10 1
9658993 4 1 10 0
9662103 4 1 10 1
9671863 4 1 10 0
9674973 4 1 10 1
9684733 4 1 10 0
9687843 4 1 10 1
9697603 4 1 10 0
9700713 4 1 10 1
9710473 4 1 10 0
9713583 4 1 10 1
9723343 4 1 10 0
9726453 4 1 10 1
9736213 4 1 10 0
9739323 4 1 10 1
9749083 4 1 10 0
9752193 4 1 10 1
9761953 4 1 10 0
9765063 4 1 10 1
9774823 4 1 10 0
9777933 4 1 10 1
9787693 4 1 10 0
9790803 4 1 10 1
9800563 4 1 10 0
9803673 4 1 10 1
9813433 4 1 10 0
9816543 4 1 10 1
9826303 4 1 10 0
9829413 4 1 10 1
9839173 4 1 10 0
9842283 4 1 10 1
9852043 4 1 10 0
9855153 4 1 10 1
9864913 4 1 10 0
9868023 4 1 10 1
9877783 4 1 10 0
9880893 4 1 10 1
9890653 4 1 10 0
9893763 4 1 10 1
9903523 4 1 10 0
9906633 4 1 10 1
9916393 4 1 10 0
9919503 4 1 10 1
9929263 4 1 10 0
9932373 4 1 10 1
9942133 4 1 10 0
9945243 4 1 10 1
9955003 4 1 10 0
9958113 4 1 10 1
9967873 4 1 10 0
9970983 4 1 10 1
9980743 4 1 10 0
9983853 4 1 10 1
9993613 4 1 10 0
9996723 4 1 10 1
10006483 4 1 10 0
10009593 4 1 10 1
10019353 4 1 10 0
10022463 4 1 10 1
10032223 4 1 10 0
10035333 4 1 10 1
10045093 4 1 10 0
10048203 4 1 10 1
10057963 4 1 10 0
10061073 4 1 10 1
10070833 4 1 10 0
10073943 4 1 10 1
10083703 4 1 10 0
10086813 4 1 10 1
10096573 4 1 10 0
