2194395 7 1 10 1
2199148 7 1 10 0
2204374 7 1 10 1
2208006 7 1 10 0
2214302 7 1 10 1
2218177 7 1 10 0
2223614 7 1 10 1
2227814 7 1 10 0
2234578 7 1 10 1
2238903 7 1 10 0
2244504 7 1 10 1
2249164 7 1 10 0
2253985 7 1 10 1
2257960 7 1 10 0
2261974 7 1 10 1
2267357 7 1 10 0
2272158 7 1 10 1
2276457 7 1 10 0
2280307 7 1 10 1
2280560 7 1 10 0
2280817 7 1 10 1
2285421 7 1 10 0
2289912 7 1 10 1
2294040 7 1 10 0
2298790 7 1 10 1
2302936 7 1 10 0
2307585 7 1 10 1
2312057 7 1 10 0
2317368 7 1 10 1
2322122 7 1 10 0
2326383 7 1 10 1
2331440 7 1 10 0
2336547 7 1 10 1
2341901 7 1 10 0
2345955 7 1 10 1
2350946 7 1 10 0
2355191 7 1 10 1
2359693 7 1 10 0
2363978 7 1 10 1
2368648 7 1 10 0
2372679 7 1 10 1
2377321 7 1 10 0
2381594 7 1 10 1
2386883 7 1 10 0
2391410 7 1 10 1
2391909 7 1 10 0
2392297 7 1 10 1
2397205 7 1 10 0
2402363 7 1 10 1
2407505 7 1 10 0
2412283 7 1 10 1
2417326 7 1 10 0
2421861 7 1 10 1
2426384 7 1 10 0
2430284 7 1 10 1
2435938 7 1 10 0
2441338 7 1 10 1
2445869 7 1 10 0
2449769 7 1 10 1
2454653 7 1 10 0
2459061 7 1 10 1
2464330 7 1 10 0
2469349 7 1 10 1
2474376 7 1 10 0
2479530 7 1 10 1
2484434 7 1 10 0
2488461 7 1 10 1
2493492 7 1 10 0
2497146 7 1 10 1
2502763 7 1 10 0
2507945 7 1 10 1
2512857 7 1 10 0
2516527 7 1 10 1
2520693 7 1 10 0
2525478 7 1 10 1
2531275 7 1 10 0
2536957 7 1 10 1
2542238 7 1 10 0
2546658 7 1 10 1
2551717 7 1 10 0
2556629 7 1 10 1
2562684 7 1 10 0
2567461 7 1 10 1
2572131 7 1 10 0
2576174 7 1 10 1
2581801 7 1 10 0
2585380 7 1 10 1
2589697 7 1 10 0
2593740 7 1 10 1
2598475 7 1 10 0
2602528 7 1 10 1
2608164 7 1 10 0
2612891 7 1 10 1
2618311 7 1 10 0
2622715 7 1 10 1
2627726 7 1 10 0
2631008 7 1 10 1
2631331 7 1 10 0
2631963 7 1 10 1
2636017 7 1 10 0
2640424 7 1 10 1
2645700 7 1 10 0
2646916 317 0 1 1
2649739 7 1 10 1
2655369 7 1 10 0
2659967 7 1 10 1
2666085 7 1 10 0
2670634 7 1 10 1
2671010 7 1 10 0
2671636 7 1 10 1
2677707 7 1 10 0
2682251 7 1 10 1
2687728 7 1 10 0
2692882 7 1 10 1
2697508 7 1 10 0
2702251 7 1 10 1
2706889 7 1 10 0
2712402 7 1 10 1
2716133 7 1 10 0
2721465 7 1 10 1
2725927 7 1 10 0
2729102 7 1 10 1
2729351 7 1 10 0
2729723 7 1 10 1
2732873 7 1 10 0
2737126 7 1 10 1
2742248 7 1 10 0
2748116 7 1 10 1
2755984 7 1 10 0
2761983 7 1 10 1
2767597 7 1 10 0
2770846 7 1 10 1
2775722 7 1 10 0
2781709 7 1 10 1
2787586 7 1 10 0
2791081 7 1 10 1
2795607 7 1 10 0
2800360 7 1 10 1
2806359 7 1 10 0
2813665 7 1 10 1
2820366 7 1 10 0
2826039 7 1 10 1
2830380 7 1 10 0
2835590 7 1 10 1
2840128 7 1 10 0
2844794 7 1 10 1
2849577 7 1 10 0
2852649 7 1 10 1
2857890 7 1 10 0
2861756 7 1 10 1
2866401 7 1 10 0
2872055 7 1 10 1
2877811 7 1 10 0
2880537 7 1 10 1
2884637 7 1 10 0
2889036 7 1 10 1
2895718 7 1 10 0
2901115 7 1 10 1
2904065 7 1 10 0
2907559 7 1 10 1
2911671 7 1 10 0
2917584 7 1 10 1
2922555 7 1 10 0
2928862 7 1 10 1
2932636 7 1 10 0
2937227 7 1 10 1
2941198 7 1 10 0
2947538 7 1 10 1
2952089 7 1 10 0
2956299 7 1 10 1
2960789 7 1 10 0
2964968 7 1 10 1
2972305 7 1 10 0
2976492 7 1 10 1
2984818 1 1 7 1
2984925 7 1 10 0
2985422 1 1 7 0
2985858 1 1 7 1
2988354 1 1 7 0
2989631 7 1 10 1
2994667 7 1 10 0
2997056 1 1 7 1
3000063 1 1 7 0
3000822 7 1 10 1
3004934 7 1 10 0
3009986 7 1 10 1
3010687 1 1 7 1
3013660 1 1 7 0
3015293 7 1 10 0
3018472 5 1 6 1
3018475 5 1 6 0
3019137 5 1 6 1
3021664 5 1 6 0
3022913 7 1 10 1
3023046 1 1 7 1
3023295 1 1 7 0
3023548 1 1 7 1
3026750 1 1 7 0
3029100 7 1 10 0
3030672 1 1 7 1
3032093 5 1 6 1
3034006 7 1 10 1
3034629 1 1 7 0
3035260 5 1 6 0
3037868 7 1 10 0
3039370 1 1 7 1
3042677 7 1 10 1
3043569 1 1 7 0
3046657 7 1 10 0
3048208 1 1 7 1
3050197 7 1 10 1
3050614 5 1 6 1
3050617 5 1 6 0
3050889 5 1 6 1
3052339 1 1 7 0
3054046 5 1 6 0
3055728 7 1 10 0
3056810 1 1 7 1
3061662 1 1 7 0
3061804 5 1 6 1
3062124 7 1 10 1
3064917 5 1 6 0
3067378 1 1 7 1
3068685 7 1 10 0
3072287 5 1 6 1
3072792 1 1 7 0
3073262 5 1 6 0
3073949 5 1 6 1
3074152 5 1 6 0
3076129 7 1 10 1
3077707 5 1 6 1
3077921 5 1 6 0
3078753 1 1 7 1
3079362 5 1 6 1
3079438 5 1 6 0
3079765 5 1 6 1
3080609 7 1 10 0
3082741 5 1 6 0
3083619 1 1 7 0
3086237 7 1 10 1
3089193 1 1 7 1
3090657 7 1 10 0
3094003 1 1 7 0
3095549 5 1 6 1
3095706 7 1 10 1
3096154 5 1 6 0
3096452 5 1 6 1
3098225 5 1 6 0
3099629 1 1 7 1
3099633 7 1 10 0
3104304 1 1 7 0
3105424 7 1 10 1
3107211 5 1 6 1
3107218 5 1 6 0
3108811 1 1 7 1
3108833 5 1 6 1
3108975 5 1 6 0
3109289 5 1 6 1
3111909 7 1 10 0
3112465 5 1 6 0
3113095 1 1 7 0
3117725 1 1 7 1
3118404 7 1 10 1
3122197 1 1 7 0
3122287 7 1 10 0
3124058 5 1 6 1
3126811 1 1 7 1
3126920 5 1 6 0
3128774 7 1 10 1
3131235 1 1 7 0
3134335 7 1 10 0
3136480 1 1 7 1
3140405 7 1 10 1
3140811 1 1 7 0
3141576 5 1 6 1
3144409 5 1 6 0
3144723 7 1 10 0
3146649 1 1 7 1
3149593 7 1 10 1
3149733 1 1 7 0
3154250 7 1 10 0
3155078 5 1 6 1
3158122 1 1 7 1
3158616 1 1 7 0
3159071 7 1 10 1
3159238 1 1 7 1
3159492 5 1 6 0
3160672 1 1 7 0
3164300 5 1 6 1
3164351 7 1 10 0
3166211 1 1 7 1
3166464 1 1 7 0
3168364 1 1 7 1
3168927 5 1 6 0
3170764 7 1 10 1
3171448 1 1 7 0
3175015 5 1 6 1
3176992 7 1 10 0
3178613 5 1 6 0
3179432 1 1 7 1
3181778 7 1 10 1
3181920 317 0 1 0
3182690 1 1 7 0
3184180 5 1 6 1
3184739 5 1 6 0
3184823 5 1 6 1
3187319 5 1 6 0
3187423 7 1 10 0
3188558 317 0 1 1
3190661 1 1 7 1
3192244 7 1 10 1
3192743 5 1 6 1
3193682 1 1 7 0
3194625 317 0 1 0
3196079 5 1 6 0
3196402 7 1 10 0
3200015 3 1 10 1
3201313 7 1 10 1
3202162 5 1 6 1
3203093 3 1 10 0
3204211 1 1 7 1
3204494 7 1 10 0
3204564 1 1 7 0
3204747 317 0 1 1
3205391 1 1 7 1
3205669 5 1 6 0
3208102 1 1 7 0
3211271 317 0 1 0
3211355 5 1 6 1
3211951 7 1 10 1
3212077 7 1 10 0
3212203 7 1 10 1
3214460 7 1 10 0
3215124 5 1 6 0
3218262 3 1 10 1
3218279 1 1 7 1
3218405 1 1 7 0
3219778 1 1 7 1
3221104 5 1 6 1
3221208 3 1 10 0
3221298 317 0 1 1
3221629 5 1 6 0
3221945 5 1 6 1
3222915 1 1 7 0
3225016 5 1 6 0
3226851 317 0 1 0
3230452 5 1 6 1
3230644 5 1 6 0
3230742 3 1 10 1
3230745 3 1 10 0
3231362 3 1 10 1
3231503 5 1 6 1
3233370 1 1 7 1
3234587 3 1 10 0
3235270 5 1 6 0
3236869 1 1 7 0
3239905 317 0 1 1
3241448 5 1 6 1
3245178 5 1 6 0
3245340 1 1 7 1
3245439 317 0 1 0
3245573 1 1 7 0
3247406 1 1 7 1
3248219 3 1 10 1
3248968 3 1 10 0
3249348 3 1 10 1
3250127 1 1 7 0
3251094 3 1 10 0
3251356 3 1 10 1
3251989 3 1 10 0
3252723 5 1 6 1
3256063 5 1 6 0
3259479 1 1 7 1
3259654 3 1 10 1
3259792 3 1 10 0
3260059 3 1 10 1
3260062 3 1 10 0
3260530 317 0 1 1
3262115 3 1 10 1
3262631 1 1 7 0
3263527 5 1 6 1
3264773 3 1 10 0
3267073 317 0 1 0
3267154 5 1 6 0
3272171 1 1 7 1
3275313 1 1 7 0
3275602 5 1 6 1
3276094 5 1 6 0
3277110 5 1 6 1
3277973 5 1 6 0
3282376 5 1 6 1
3284550 1 1 7 1
3284866 5 1 6 0
3285452 1 1 7 0
3285788 1 1 7 1
3287207 1 1 7 0
3288180 317 0 1 1
3293733 317 0 1 0
3293969 5 1 6 1
3294656 1 1 7 1
3294834 3 1 10 1
3296616 5 1 6 0
3297664 3 1 10 0
3297784 1 1 7 0
3303246 5 1 6 1
3303515 5 1 6 0
3304646 5 1 6 1
3304734 1 1 7 1
3307317 5 1 6 0
3307506 1 1 7 0
3307777 317 0 1 1
3308144 3 1 10 1
3308458 3 1 10 0
3309014 3 1 10 1
3311290 3 1 10 0
3313443 5 1 6 1
3313787 317 0 1 0
3314891 1 1 7 1
3315853 1 1 7 0
3316140 5 1 6 0
3316237 1 1 7 1
3318578 3 1 10 1
3318844 1 1 7 0
3322187 3 1 10 0
3325675 5 1 6 1
3327774 317 0 1 1
3328691 5 1 6 0
3329589 1 1 7 1
3332189 3 1 10 1
3332315 3 1 10 0
3332367 1 1 7 0
3332568 3 1 10 1
3333803 317 0 1 0
3336223 3 1 10 0
3336488 5 1 6 1
3336618 5 1 6 0
3337313 5 1 6 1
3340665 5 1 6 0
3341938 1 1 7 1
3344459 1 1 7 0
3347926 3 1 10 1
3347966 5 1 6 1
3349827 317 0 1 1
3350808 3 1 10 0
3351049 5 1 7 1
3351091 5 1 6 0
3352344 5 1 10 1
3353169 1 1 7 1
3353295 1 1 7 0
3353442 1 1 7 1
3354078 5 1 7 0
3354847 317 0 1 0
3355855 5 1 10 0
3356648 1 1 7 0
3357313 5 1 6 1
3360367 5 1 7 1
3361446 5 1 6 0
3363581 3 1 10 1
3363853 5 1 7 0
3364139 5 1 10 1
3364819 5 1 10 0
3365172 5 1 10 1
3366004 1 1 7 1
3366723 3 1 10 0
3367989 5 1 6 1
3368048 5 1 10 0
3369040 1 1 7 0
3371679 5 1 7 1
3371861 317 0 1 1
3372061 5 1 6 0
3375015 5 1 7 0
3375908 1 1 7 1
3376275 5 1 10 1
3377871 317 0 1 0
3377879 5 1 10 0
3378165 5 1 10 1
3378674 5 1 6 1
3378764 5 1 10 0
3379511 1 1 7 0
3380385 3 1 10 1
3380511 3 1 10 0
3381141 3 1 10 1
3382869 5 1 6 0
3383406 3 1 10 0
3384267 5 1 7 1
3384706 5 1 7 0
3384984 5 1 7 1
3385253 5 1 10 1
3385298 1 1 7 1
3387421 5 1 7 0
3388176 1 1 7 0
3388486 5 1 6 1
3388807 5 1 10 0
3394056 5 1 6 0
3394468 5 1 10 1
3394976 3 1 10 1
3395741 1 1 7 1
3395837 317 0 1 1
3397435 5 1 7 1
3398054 3 1 10 0
3398621 5 1 10 0
3398811 1 1 7 0
3399829 317 0 1 0
3400103 5 1 6 1
3400166 5 1 7 0
3404674 5 1 6 0
3404753 5 1 10 1
3405771 1 1 7 1
3406044 1 1 7 0
3407195 1 1 7 1
3407898 5 1 10 0
3408460 3 1 10 1
3409552 5 1 6 1
3410505 1 1 7 0
3410516 3 1 10 0
3410964 5 1 7 1
3412331 317 0 1 1
3413216 5 1 6 0
3413758 5 1 10 1
3414010 5 1 7 0
3416664 5 1 6 1
3417089 5 1 10 0
3417401 1 1 7 1
3418836 317 0 1 0
3418949 1 1 7 0
3421076 5 1 6 0
3421338 3 1 10 1
3421918 5 1 10 1
3423817 1 1 7 1
3424462 3 1 10 0
3425513 5 1 6 1
3426083 5 1 10 0
3426780 5 1 7 1
3426967 5 1 7 0
3427646 1 1 7 0
3428034 5 1 7 1
3429898 5 1 6 0
3430670 5 1 7 0
3431543 5 1 10 1
3433992 5 1 6 1
3435673 1 1 7 1
3436534 5 1 10 0
3438202 1 1 7 0
3438287 317 0 1 1
3439133 5 1 6 0
3439596 3 1 10 1
3439849 3 1 10 0
3440102 3 1 10 1
3441011 5 1 7 1
3442140 5 1 10 1
3442774 317 0 1 0
3443141 3 1 10 0
3443522 5 1 6 1
3443964 5 1 7 0
3445459 1 1 7 1
3446793 5 1 10 0
3448523 1 1 7 0
3448637 5 1 6 0
3451899 5 1 10 1
3453152 5 1 6 1
3454552 5 1 7 1
3456991 1 1 7 1
3457000 5 1 10 0
3457324 5 1 7 0
3457751 1 1 7 0
3457933 5 1 6 0
3458205 1 1 7 1
3460791 1 1 7 0
3461895 5 1 6 1
3462999 3 1 10 1
3463010 5 1 10 1
3465381 3 1 10 0
3465429 5 1 7 1
3466455 5 1 10 0
3466868 5 1 6 0
3468348 5 1 7 0
3470183 317 0 1 1
3470932 1 1 7 1
3471234 5 1 10 1
3471822 5 1 6 1
3473752 1 1 7 0
3475021 5 1 10 0
3475931 317 0 1 0
3476702 5 1 7 1
3476923 5 1 6 0
3479456 5 1 7 0
3479705 1 1 7 1
3480052 5 1 10 1
3480323 1 1 7 0
3480424 5 1 10 0
3480610 1 1 7 1
3480677 5 1 10 1
3481441 1 1 7 0
3481450 5 1 6 1
3481765 1 1 7 1
3482367 1 1 7 0
3484264 5 1 10 0
3486543 5 1 6 0
3489214 5 1 10 1
3489418 1 1 7 1
3489736 5 1 7 1
3490183 1 1 7 0
3490994 1 1 7 1
3491239 5 1 6 1
3492773 5 1 7 0
3493462 5 1 10 0
3493660 1 1 7 0
3496470 5 1 6 0
3498198 5 1 10 1
3501519 5 1 6 1
3501553 5 1 10 0
3501972 5 1 7 1
3504924 1 1 7 1
3505027 5 1 7 0
3505383 5 1 6 0
3506294 5 1 10 1
3507475 317 0 1 1
3507983 317 0 1 0
3508347 1 1 7 0
3508510 317 0 1 1
3509018 317 0 1 0
3509148 5 1 6 1
3509526 317 0 1 1
3510610 5 1 10 0
3512528 317 0 1 0
3513461 5 1 6 0
3516011 5 1 7 1
3516177 5 1 10 1
3517511 5 1 6 1
3518132 1 1 7 1
3518737 1 1 7 0
3519526 5 1 7 0
3520048 3 1 10 1
3520188 1 1 7 1
3520301 3 1 10 0
3520436 5 1 10 0
3521443 1 1 7 0
3522762 5 1 6 0
3525437 5 1 10 1
3526020 317 0 1 1
3526867 1 1 7 1
3526993 1 1 7 0
3527162 5 1 6 1
3527384 1 1 7 1
3528909 5 1 7 1
3529039 5 1 7 0
3529300 5 1 7 1
3529430 5 1 7 0
3529437 5 1 10 0
3529810 5 1 7 1
3530468 1 1 7 0
3531535 317 0 1 0
3531608 5 1 6 0
3532355 5 1 7 0
3532809 5 1 10 1
3533174 5 1 10 0
3533431 5 1 10 1
3535389 5 1 6 1
3537217 5 1 10 0
3540527 5 1 6 0
3541066 1 1 7 1
3542092 5 1 10 1
3544547 1 1 7 0
3545054 5 1 6 1
3547062 5 1 10 0
3550046 5 1 6 0
3550426 5 1 10 1
3551538 317 0 1 1
3554650 5 1 6 1
3555073 317 0 1 0
3555224 5 1 10 0
3558995 5 1 10 1
3559310 1 1 7 1
3559487 5 1 6 0
3560379 1 1 7 0
3560895 1 1 7 1
3561919 1 1 7 0
3563320 5 1 10 0
3564209 5 1 6 1
3566777 5 1 10 1
3568155 5 1 6 0
3569861 317 0 1 1
3569874 317 0 1 0
3570915 317 0 1 1
3571048 1 1 7 1
3571849 5 1 10 0
3572174 5 1 6 1
3574132 1 1 7 0
3574945 317 0 1 0
3576547 5 1 6 0
3576586 5 1 10 1
3580792 5 1 10 0
3581439 5 1 6 1
3585295 5 1 10 1
3585956 5 1 6 0
3586996 1 1 7 1
3588339 1 1 7 0
3588666 1 1 7 1
3589111 317 0 1 1
3589252 5 1 10 0
3589571 1 1 7 0
3589619 317 0 1 0
3590146 317 0 1 1
3590159 317 0 1 0
3590471 5 1 6 1
3591162 317 0 1 1
3594160 5 1 10 1
3594780 5 1 6 0
3597229 317 0 1 0
3598028 5 1 10 0
3598447 1 1 7 1
3598946 1 1 7 0
3599425 5 1 6 1
3599457 1 1 7 1
3601273 5 1 10 1
3601907 1 1 7 0
3603752 5 1 6 0
3604925 5 1 10 0
3609140 5 1 6 1
3609408 5 1 6 0
3609646 5 1 10 1
3609903 5 1 6 1
3611553 5 1 6 0
3612802 1 1 7 1
3614310 5 1 10 0
3615517 1 1 7 0
3617289 317 0 1 1
3619012 5 1 10 1
3620824 317 0 1 0
3621541 5 1 6 1
3621645 5 1 6 0
3621934 5 1 6 1
3623182 5 1 10 0
3624702 1 1 7 1
3625249 5 1 6 0
3627872 1 1 7 0
3627883 5 1 10 1
3628136 5 1 10 0
3628266 5 1 10 1
3631337 5 1 6 1
3633002 317 0 1 1
3633150 5 1 10 0
3634430 5 1 6 0
3636100 1 1 7 1
3636559 1 1 7 0
3636575 317 0 1 0
3636964 1 1 7 1
3638066 5 1 10 1
3638192 5 1 10 0
3638449 5 1 10 1
3639786 1 1 7 0
3639870 5 1 6 1
3643488 5 1 6 0
3644743 5 1 10 0
3648893 5 1 10 1
3649409 1 1 7 1
3649503 5 1 6 1
3650790 317 0 1 1
3652485 1 1 7 0
3652978 5 1 6 0
3654412 5 1 10 0
3655258 317 0 1 0
3657779 5 1 6 1
3658455 5 1 10 1
3661549 5 1 6 0
3662743 1 1 7 1
3663449 7 1 10 1
3664986 5 1 10 0
3665409 5 1 6 1
3666253 1 1 7 0
3667653 7 1 10 0
3669026 5 1 6 0
3669263 5 1 10 1
3673586 317 0 1 1
3673627 7 1 10 1
3675255 1 1 7 1
3676676 5 1 6 1
3676790 5 1 10 0
3678054 317 0 1 0
3678161 7 1 10 0
3678894 1 1 7 0
3679467 5 1 6 0
3680686 5 1 10 1
3682086 7 1 10 1
3685051 7 1 7 1
3685414 7 1 10 0
3685444 7 1 7 0
3686822 1 1 7 1
3686854 7 1 7 1
3687729 5 1 10 0
3688003 7 1 7 0
3688626 7 1 7 1
3689766 7 1 7 0
3689977 1 1 7 0
3691122 7 1 10 1
3691391 7 1 10 0
3691648 7 1 10 1
3691744 5 1 10 1
3691906 5 1 6 1
3693579 5 1 6 0
3694089 5 1 6 1
3694219 5 1 6 0
3694858 7 1 7 1
3694897 317 0 1 1
3696202 7 1 10 0
3697497 7 1 7 0
3697877 5 1 10 0
3698375 317 0 1 0
3698797 1 1 7 1
3699158 1 1 7 0
3699296 1 1 7 1
3701552 1 1 7 0
3701902 5 1 10 1
3703381 7 1 10 1
3703834 7 1 7 1
3707298 5 1 10 0
3707367 5 1 6 1
3707486 7 1 7 0
3708006 7 1 10 0
3710213 5 1 6 0
3710465 1 1 7 1
3710661 1 1 7 0
3711364 1 1 7 1
3711585 1 1 7 0
3712083 5 1 10 1
3713838 1 1 7 1
3713892 1 1 7 0
3715193 7 1 10 1
3715366 1 1 7 1
3715565 7 1 10 0
3715568 7 1 7 1
3716187 7 1 10 1
3716703 317 0 1 1
3718344 5 1 10 0
3718573 1 1 7 0
3718968 7 1 7 0
3719645 7 1 10 0
3719684 5 1 6 1
3720181 317 0 1 0
3723006 5 1 10 1
3723282 5 1 6 0
3724050 7 1 7 1
3724679 7 1 10 1
3727253 7 1 7 0
3728382 7 1 10 0
3728841 5 1 6 1
3729479 5 1 6 0
3729533 5 1 10 0
3729718 5 1 6 1
3732477 7 1 7 1
3732538 1 1 7 1
3732598 5 1 6 0
3732983 7 1 10 1
3733488 7 1 7 0
3733909 5 1 10 1
3734109 7 1 7 1
3735745 1 1 7 0
3736695 7 1 10 0
3737217 7 1 7 0
3738798 5 1 10 0
3739004 317 0 1 1
3739749 5 1 6 1
3742310 7 1 10 1
3742482 317 0 1 0
3742567 5 1 10 1
3743754 7 1 7 1
3744115 5 1 6 0
3745634 7 1 10 0
3747394 7 1 7 0
3747586 1 1 7 1
3748344 5 1 10 0
3750670 1 1 7 0
3750785 7 1 10 1
3750817 5 1 6 1
3751102 5 1 6 0
3751333 5 1 6 1
3753244 5 1 10 1
3753246 7 1 7 1
3754689 7 1 10 0
3754721 5 1 6 0
3757015 7 1 7 0
3759263 5 1 10 0
3760710 5 1 6 1
3761405 7 1 10 1
3762447 317 0 1 1
3762515 1 1 7 1
3762645 1 1 7 0
3763148 1 1 7 1
3764229 5 1 6 0
3764286 5 1 10 1
3765480 7 1 10 0
3765925 317 0 1 0
3766523 7 1 7 1
3766629 1 1 7 0
3768936 5 1 10 0
3769831 7 1 7 0
3770714 7 1 10 1
3770808 5 1 6 1
3773570 5 1 10 1
3774185 7 1 10 0
3774827 5 1 6 0
3775810 1 1 7 1
3776288 1 1 7 0
3776664 1 1 7 1
3777593 5 1 10 0
3777861 7 1 10 1
3779209 1 1 7 0
3781279 5 1 6 1
3781289 7 1 10 0
3781730 7 1 7 1
3782215 5 1 10 1
3784368 5 1 6 0
3784514 7 1 7 0
3785607 5 1 10 0
3785945 7 1 10 1
3786930 1 1 7 1
3788708 317 0 1 1
3789254 5 1 6 1
3789372 5 1 10 1
3790342 1 1 7 0
3790614 7 1 10 0
3790965 5 1 7 1
3792681 317 0 1 0
3792779 5 1 6 0
3793146 5 1 10 0
3794397 5 1 7 0
3794975 7 1 10 1
3796117 7 1 7 1
3798046 5 1 10 1
3799102 7 1 7 0
3799661 1 1 7 1
3800598 5 1 6 1
3800945 5 1 7 1
3801209 5 1 7 0
3801302 7 1 10 0
3802184 5 1 10 0
3802255 5 1 7 1
3802799 1 1 7 0
3803653 5 1 6 0
3805123 5 1 7 0
3805426 7 1 10 1
3807080 5 1 10 1
3809400 5 1 6 1
3810091 5 1 10 0
3810260 7 1 10 0
3811492 1 1 7 1
3812603 5 1 6 0
3813145 5 1 7 1
3814561 7 1 10 1
3815090 5 1 10 1
3815116 7 1 7 1
3815341 1 1 7 0
3817000 5 1 7 0
3818012 7 1 7 0
3818644 5 1 6 1
3818728 5 1 10 0
3819990 7 1 10 0
3822157 5 1 6 0
3824056 7 1 10 1
3824477 5 1 10 1
3824865 1 1 7 1
3826540 7 1 10 0
3826786 5 1 7 1
3828977 5 1 10 0
3828999 1 1 7 0
3829875 5 1 7 0
3829925 7 1 7 1
3831017 7 1 10 1
3831235 7 1 7 0
3831518 5 1 6 1
3834638 5 1 6 0
3835615 5 1 10 1
3836105 7 1 7 1
3836231 7 1 7 0
3836762 7 1 10 0
3836948 1 1 7 1
3837197 1 1 7 0
3837327 1 1 7 1
3838110 7 1 7 1
3839225 5 1 10 0
3841109 7 1 10 1
3841156 5 1 6 1
3841286 7 1 7 0
3842088 1 1 7 0
3842640 5 1 7 1
3844336 7 1 10 0
3844717 5 1 10 1
3844962 5 1 6 0
3844970 5 1 10 0
3845287 5 1 7 0
3845346 5 1 10 1
3848964 5 1 10 0
3850538 7 1 7 1
3850795 7 1 7 0
3850809 7 1 10 1
3852031 1 1 7 1
3852159 7 1 7 1
3852175 5 1 6 1
3852527 5 1 6 0
3852784 5 1 6 1
3855266 1 1 7 0
3855379 7 1 7 0
3855986 5 1 6 0
3857265 7 1 10 0
3857947 5 1 10 1
3858283 5 1 7 1
3861635 5 1 7 0
3862176 5 1 10 0
3863446 5 1 6 1
3864381 7 1 7 1
3864511 7 1 7 0
3865240 7 1 10 1
3865244 7 1 7 1
3866078 1 1 7 1
3866572 5 1 6 0
3868390 7 1 7 0
3869195 1 1 7 0
3869455 7 1 10 0
3869540 5 1 10 1
3873262 5 1 6 1
3873396 5 1 10 0
3873496 5 1 7 1
3874113 5 1 6 0
3874274 5 1 7 0
3874489 5 1 6 1
3874538 5 1 7 1
3874791 5 1 7 0
3874920 7 1 10 1
3875532 5 1 7 1
3875789 5 1 7 0
3876013 5 1 6 0
3876501 5 1 6 1
3876639 7 1 7 1
3877175 5 1 6 0
3877472 7 1 7 0
3877584 7 1 7 1
3880047 7 1 7 0
3880228 5 1 7 1
3880392 7 1 10 0
3880428 5 1 6 1
3880456 1 1 7 1
3882621 5 1 10 1
3883079 5 1 7 0
3883540 1 1 7 0
3884742 5 1 6 0
3886928 7 1 10 1
3886985 5 1 10 0
3889923 7 1 7 1
3890164 5 1 7 1
3890183 5 1 6 1
3890241 5 1 6 0
3891217 5 1 6 1
3892038 7 1 10 0
3892587 7 1 7 0
3893501 5 1 7 0
3894574 1 1 7 1
3894722 5 1 10 1
3895094 5 1 10 0
3895210 5 1 6 0
3895847 5 1 10 1
3897441 7 1 10 1
3898261 1 1 7 0
3899237 5 1 6 1
3899279 5 1 6 0
3899757 5 1 6 1
3899969 5 1 10 0
3900678 7 1 7 1
3902318 5 1 7 1
3903205 7 1 10 0
3903246 5 1 6 0
3903763 7 1 7 0
3904833 5 1 10 1
3905086 5 1 10 0
3906752 5 1 7 0
3908200 5 1 10 1
3908611 5 1 6 1
3908646 7 1 10 1
3909577 1 1 7 1
3911158 7 1 7 1
3911568 5 1 10 0
3912897 1 1 7 0
3913494 5 1 6 0
3913701 7 1 10 0
3914502 5 1 7 1
3914890 7 1 7 0
3917043 5 1 10 1
3917614 7 1 10 1
3918588 5 1 6 1
3918722 5 1 7 0
3919499 1 1 7 1
3920673 5 1 10 0
3922140 7 1 10 0
3922536 1 1 7 0
3923454 5 1 6 0
3923770 7 1 7 1
3924878 5 1 7 1
3926433 7 1 10 1
3927537 7 1 7 0
3927928 5 1 7 0
3928271 5 1 10 1
3928318 5 1 6 1
3930183 1 1 7 1
3930259 7 1 10 0
3932286 5 1 10 0
3932885 5 1 6 0
3932975 1 1 7 0
3933577 7 1 7 1
3933817 5 1 7 1
3934280 7 1 10 1
3937544 7 1 7 0
3937674 5 1 7 0
3937911 5 1 6 1
3938404 7 1 10 0
3940642 5 1 10 1
3941018 1 1 7 1
3942053 5 1 6 0
3942684 7 1 7 1
3942812 7 1 10 1
3943883 5 1 10 0
3944263 1 1 7 0
3945335 5 1 7 1
3946461 5 1 6 1
3946749 7 1 10 0
3946798 7 1 7 0
3948933 5 1 7 0
3950620 5 1 10 1
3951658 5 1 6 0
3952330 7 1 10 1
3952750 7 1 7 1
3954485 5 1 10 0
3955964 1 1 7 1
3956651 5 1 6 1
3956814 5 1 6 0
3956867 7 1 10 0
3956985 5 1 7 1
3957294 5 1 6 1
3958123 7 1 7 0
3959155 1 1 7 0
3960583 5 1 7 0
3962338 5 1 6 0
3962460 7 1 10 1
3962849 5 1 10 1
3965729 5 1 10 0
3967216 7 1 7 1
3967227 5 1 6 1
3967290 7 1 10 0
3967387 5 1 6 0
3967657 5 1 6 1
3967779 5 1 7 1
3968065 1 1 7 1
3970575 7 1 7 0
3970872 5 1 10 1
3970984 1 1 7 0
3971363 5 1 7 0
3973003 7 1 10 1
3973560 5 1 6 0
3973880 5 1 10 0
3975500 5 1 7 1
3976527 7 1 10 0
3979516 5 1 6 1
3980015 1 1 7 1
3980496 5 1 7 0
3980938 7 1 10 1
3981498 5 1 10 1
3983056 7 1 7 1
3983300 5 1 6 0
3983377 1 1 7 0
3984636 5 1 10 0
3984972 5 1 7 1
3985066 7 1 10 0
3985898 7 1 7 0
3987073 5 1 6 1
3988642 7 1 10 1
3989558 5 1 7 0
3991214 1 1 7 1
3991254 5 1 6 0
3992385 5 1 10 1
3993750 7 1 10 0
3994382 1 1 7 0
3994448 7 1 7 1
3994698 5 1 7 1
3995146 5 1 10 0
3995424 7 1 7 0
3996224 7 1 7 1
3996551 5 1 6 1
3996747 7 1 7 0
3999413 7 1 10 1
3999838 5 1 7 0
4000281 5 1 6 0
4001738 1 1 7 1
4003663 5 1 10 1
4004834 5 1 7 1
4004982 5 1 7 0
4005339 5 1 7 1
4005648 5 1 6 1
4005875 1 1 7 0
4006185 7 1 10 0
4007166 5 1 10 0
4008552 7 1 7 1
4008937 5 1 7 0
4009958 5 1 6 0
4011010 7 1 10 1
4011322 7 1 7 0
4013561 1 1 7 1
4014653 5 1 10 1
4014874 5 1 6 1
4016075 7 1 10 0
4016825 1 1 7 0
4018166 5 1 10 0
4019014 5 1 6 0
4020626 7 1 10 1
4020655 5 1 7 1
4021487 5 1 7 0
4021627 7 1 7 1
4021919 5 1 7 1
4023921 5 1 6 1
4024021 1 1 7 1
4024084 5 1 7 0
4024614 7 1 7 0
4026872 7 1 10 0
4027533 5 1 6 0
4027851 1 1 7 0
4028276 5 1 10 1
4028779 5 1 10 0
4029040 5 1 10 1
4031412 5 1 10 0
4031862 5 1 6 1
4031864 7 1 10 1
4034759 1 1 7 1
4035581 5 1 6 0
4036038 7 1 7 1
4036351 5 1 7 1
4036528 7 1 7 0
4036574 5 1 7 0
4036912 7 1 7 1
4038065 1 1 7 0
4038098 7 1 10 0
4038186 5 1 7 1
4038398 7 1 7 0
4039275 5 1 6 1
4039704 5 1 7 0
4039972 5 1 7 1
4040996 5 1 7 0
4041510 5 1 10 1
4041543 7 1 10 1
4041636 5 1 10 0
4042016 5 1 10 1
4042142 5 1 10 0
4042522 5 1 10 1
4044010 7 1 7 1
4044071 7 1 7 0
4044127 5 1 6 0
4044415 7 1 7 1
4045616 1 1 7 1
4045882 5 1 10 0
4046015 7 1 10 0
4047805 7 1 7 0
4048920 5 1 6 1
4050060 7 1 10 1
4050244 1 1 7 0
4052099 5 1 6 0
4052416 5 1 7 1
4054468 5 1 7 0
4055079 7 1 10 0
4055365 5 1 10 1
4055464 7 1 7 1
4055532 5 1 6 1
4055699 5 1 6 0
4056210 5 1 6 1
4056233 5 1 10 0
4056486 5 1 10 1
4058116 5 1 10 0
4058394 7 1 10 1
4058476 7 1 7 0
4059492 1 1 7 1
4061508 5 1 6 0
4063464 1 1 7 0
4063984 5 1 10 1
4064361 7 1 10 0
4066206 5 1 6 1
4066583 5 1 6 0
4066713 5 1 6 1
4067114 5 1 10 0
4067184 7 1 7 1
4069307 7 1 10 1
4071166 7 1 7 0
4071212 1 1 7 1
4072300 5 1 6 0
4075128 1 1 7 0
4077447 5 1 6 1
4077811 7 1 10 0
4078728 5 1 10 1
4078968 5 1 7 1
4079723 7 1 7 1
4081453 5 1 7 0
4081719 5 1 10 0
4081869 7 1 10 1
4083132 5 1 6 0
4083283 7 1 7 0
4084817 1 1 7 1
4086938 5 1 6 1
4088391 7 1 10 0
4089332 1 1 7 0
4090585 7 1 7 1
4090972 5 1 10 1
4091753 7 1 10 1
4092048 5 1 6 0
4094033 7 1 7 0
4094102 5 1 10 0
4096468 5 1 6 1
4098080 1 1 7 1
4098409 7 1 10 0
4100010 7 1 7 1
4101572 5 1 6 0
4101775 1 1 7 0
4102211 7 1 10 1
4103655 7 1 7 0
4104505 5 1 10 1
4105522 5 1 6 1
4107135 5 1 10 0
4107544 7 1 10 0
4110601 1 1 7 1
4110919 7 1 10 1
4112762 7 1 7 1
4112959 5 1 6 0
4113968 1 1 7 0
4116080 7 1 7 0
4116142 5 1 10 1
4116605 5 1 6 1
4117198 7 1 10 0
4117441 5 1 7 1
4117623 5 1 7 0
4118622 5 1 7 1
4119129 5 1 7 0
4119378 5 1 7 1
4119395 5 1 10 0
4120479 7 1 10 1
4121658 5 1 7 0
4121663 5 1 6 0
4122847 7 1 7 1
4122999 1 1 7 1
4125815 5 1 6 1
4125961 1 1 7 0
4126230 7 1 7 0
4127152 7 1 10 0
4128299 5 1 10 1
4130566 7 1 10 1
4130675 5 1 6 0
4130933 5 1 10 0
4134372 5 1 6 1
4134528 7 1 7 1
4136159 5 1 7 1
4136540 7 1 10 0
4136574 5 1 7 0
4137274 1 1 7 1
4138179 5 1 7 1
4138492 7 1 7 0
4138626 5 1 7 0
4139756 5 1 6 0
4140422 1 1 7 0
4140801 5 1 10 1
4140954 7 1 10 1
4143810 5 1 6 1
4144050 5 1 10 0
4145838 7 1 7 1
4146070 5 1 7 1
4146196 5 1 7 0
4146977 5 1 7 1
4147759 5 1 7 0
4148840 7 1 10 0
4148953 5 1 7 1
4149209 7 1 7 0
4149547 5 1 7 0
4150228 5 1 6 0
4152715 5 1 10 1
4152835 7 1 10 1
4153859 1 1 7 1
4154378 5 1 6 1
4155714 5 1 10 0
4155925 7 1 7 1
4156578 1 1 7 0
4159560 7 1 7 0
4159823 7 1 10 0
4161123 5 1 6 0
4163071 5 1 7 1
4163585 5 1 7 0
4163953 7 1 10 1
4164576 5 1 10 1
4164925 5 1 7 1
4165504 5 1 7 0
4165843 5 1 6 1
4166919 5 1 7 1
4167433 5 1 7 0
4167579 5 1 10 0
4168674 0 1 10 1
4170873 5 1 6 0
4170996 7 1 10 0
4172157 0 1 10 0
4174511 5 1 6 1
4174864 7 1 10 1
4176320 5 1 10 1
4176440 1 1 7 1
4178235 0 1 10 1
4178361 0 1 10 0
4178733 0 1 10 1
4179231 1 1 7 0
4179359 0 1 10 0
4179735 0 1 10 1
4179903 7 1 10 0
4179930 5 1 10 0
4180150 5 1 6 0
4181357 0 1 10 0
4183898 5 1 7 1
4184174 7 1 10 1
4184239 5 1 6 1
4184678 5 1 7 0
4185074 5 1 7 1
4186734 5 1 7 0
4187915 5 1 10 1
4188326 0 1 10 1
4188405 5 1 6 0
4190669 7 1 10 0
4191152 5 1 10 0
4191670 0 1 10 0
4191759 5 1 6 1
4192858 1 1 7 1
4194861 7 1 10 1
4196217 1 1 7 0
4197214 5 1 6 0
4199736 7 1 10 0
4200361 5 1 10 1
4200487 5 1 10 0
4200941 5 1 6 1
4200990 0 1 10 1
4201109 5 1 10 1
4203182 5 1 7 1
4203592 5 1 10 0
4203696 5 1 7 0
4203989 7 1 10 1
4204342 0 1 10 0
4207297 5 1 6 0
4209695 1 1 7 1
4210587 7 1 10 0
4210664 5 1 7 1
4211017 5 1 7 0
4211176 5 1 7 1
4211537 5 1 7 0
4211931 5 1 7 1
4212093 5 1 6 1
4212251 0 1 10 1
4212387 0 1 10 0
4212436 5 1 10 1
4212501 1 1 7 0
4212644 0 1 10 1
4213462 5 1 7 0
4214081 7 1 10 1
4214792 5 1 10 0
4215377 0 1 10 0
4216555 5 1 6 0
4219309 0 1 6 1
4219447 7 1 10 0
4220867 5 1 6 1
4223183 1 1 7 1
4223198 7 1 10 1
4223294 0 1 6 0
4224610 1 1 7 0
4224867 1 1 7 1
4225727 5 1 10 1
4226484 5 1 10 0
4226539 1 1 7 0
4226733 5 1 6 0
4226856 5 1 10 1
4226896 0 1 10 1
4227047 0 1 6 1
4227729 5 1 7 1
4227855 5 1 7 0
4227909 0 1 10 0
4228139 5 1 7 1
4228289 0 1 10 1
4228351 5 1 10 0
4228415 0 1 10 0
4228901 5 1 7 0
4229037 0 1 10 1
4229345 7 1 10 0
4229532 0 1 10 0
4230239 5 1 7 1
4230957 5 1 7 0
4230996 5 1 6 1
4232685 0 1 6 0
4232834 1 1 7 1
4233383 7 1 10 1
4235536 0 1 10 1
4235838 5 1 6 0
4236109 5 1 10 1
4236160 1 1 7 0
4236375 0 1 10 0
4237327 0 1 6 1
4238973 5 1 10 0
4239871 5 1 6 1
4239890 7 1 10 0
4241278 0 1 10 1
4242581 0 1 6 0
4242644 5 1 7 1
4243156 5 1 7 0
4243951 5 1 7 1
4244215 0 1 10 0
4244475 7 1 10 1
4244835 5 1 7 0
4245099 5 1 6 0
4245392 1 1 7 1
4246473 0 1 6 1
4246703 1 1 7 0
4250043 5 1 6 1
4250075 5 1 10 1
4250916 0 1 6 0
4251962 7 1 10 0
4252882 0 1 10 1
4252964 5 1 10 0
4253114 1 1 7 1
4253252 1 1 7 0
4253776 1 1 7 1
4254134 0 1 6 1
4255121 5 1 6 0
4255552 0 1 10 0
4256124 7 1 10 1
4257090 1 1 7 0
4258767 5 1 6 1
4259007 0 1 6 0
4261135 0 1 10 1
4262027 5 1 7 1
4262382 5 1 6 0
4262548 5 1 7 0
4262872 0 1 6 1
4263358 5 1 7 1
4263428 5 1 10 1
4263484 5 1 7 0
4264202 0 1 10 0
4264225 7 1 10 0
4265993 5 1 6 1
4266562 5 1 10 0
4268102 7 1 10 1
4268328 0 1 6 0
4268332 1 1 7 1
4268970 1 1 7 0
4269355 1 1 7 1
4269535 0 1 10 1
4270750 5 1 6 0
4270969 1 1 7 0
4271482 1 1 7 1
4271835 0 1 6 1
4271873 1 1 7 0
4273201 0 1 10 0
4273273 7 1 10 0
4274103 5 1 6 1
4274106 5 1 6 0
4274295 5 1 10 1
4274355 5 1 6 1
4276673 7 1 10 1
4277044 5 1 10 0
4277832 1 1 7 1
4278161 0 1 6 0
4278582 1 1 7 0
4278693 0 1 10 1
4278757 1 1 7 1
4278938 0 1 10 0
4279169 0 1 10 1
4279653 5 1 6 0
4281494 1 1 7 0
4281926 0 1 6 1
4282792 0 1 10 0
4283100 7 1 10 0
4284305 5 1 6 1
4284777 5 1 10 1
4284780 5 1 10 0
4285533 5 1 10 1
4286673 7 1 10 1
4287049 0 1 6 0
4288121 0 1 10 1
4288414 5 1 10 0
4289264 5 1 6 0
4291161 0 1 6 1
4293140 0 1 10 0
4293745 7 1 10 0
4294218 5 1 6 1
4295401 5 1 10 1
4296424 0 1 6 0
4297438 7 1 10 1
4297517 1 1 7 1
4297923 1 1 7 0
4298400 5 1 10 0
4299249 0 1 10 1
4299346 5 1 6 0
4299439 0 1 6 1
4303866 5 1 6 1
4304242 0 1 6 0
4304374 0 1 10 0
4304895 7 1 10 0
4307828 0 1 6 1
4308173 7 1 10 1
4308761 5 1 10 1
4309058 5 1 6 0
4309945 0 1 10 1
4311213 5 1 10 0
4313844 0 1 10 0
4314374 0 1 6 0
4314658 5 1 6 1
4314681 7 1 10 0
4317831 5 1 10 1
4318485 0 1 6 1
4318695 7 1 10 1
4319193 0 1 10 1
4320146 5 1 6 0
4321076 5 1 10 0
4323562 0 1 6 0
4324206 0 1 10 0
4324752 5 1 6 1
4327160 0 1 6 1
4327441 7 1 10 0
4328785 0 1 10 1
4329438 5 1 6 0
4330843 7 1 10 1
4332301 5 1 10 1
4332811 0 1 10 0
4332952 0 1 6 0
4333181 5 1 10 0
4334426 5 1 10 1
4335052 5 1 10 0
4335594 5 1 6 1
4336864 7 1 10 0
4337310 0 1 6 1
4337525 0 1 10 1
4338432 5 1 10 1
4339899 7 1 10 1
4340547 5 1 6 0
4341431 5 1 10 0
4342190 0 1 10 0
4343731 0 1 6 0
4345139 5 1 6 1
4345909 7 1 10 0
4347228 0 1 10 1
4348007 0 1 6 1
4348536 5 1 6 0
4349101 7 1 10 1
4351768 0 1 10 0
4353042 5 1 6 1
4354050 0 1 6 0
4354402 5 1 10 1
4355843 0 1 10 1
4356171 7 1 10 0
4357494 5 1 6 0
4357869 0 1 6 1
4358028 5 1 10 0
4359579 7 1 10 1
4359756 0 1 10 0
4362000 0 1 6 0
4362077 5 1 6 1
4362529 5 1 6 0
4362676 5 1 6 1
4363966 0 1 10 1
4364017 7 1 10 0
4365888 5 1 10 1
4365911 0 1 6 1
4365958 5 1 6 0
4367186 0 1 10 0
4367814 7 1 10 1
4369002 5 1 10 0
4369998 0 1 6 0
4370591 5 1 6 1
4371884 0 1 10 1
4373519 7 1 10 0
4374837 5 1 6 0
4375281 0 1 6 1
4376799 0 1 10 0
4377308 5 1 10 1
4378929 7 1 10 1
4379599 0 1 6 0
4379724 5 1 6 1
4380049 5 1 10 0
4380338 0 1 10 1
4380665 0 1 10 0
4381556 0 1 10 1
4382967 0 1 10 0
4383305 0 1 10 1
4384293 5 1 6 0
4384347 0 1 6 1
4384989 0 1 10 0
4385222 7 1 10 0
4385929 5 1 10 1
4388463 0 1 6 0
4389072 7 1 10 1
4389321 0 1 10 1
4389678 5 1 10 0
4389849 5 1 6 1
4392513 7 1 10 0
4393099 0 1 10 0
4393228 0 1 6 1
4393979 5 1 6 0
4396633 7 1 10 1
4396987 0 1 10 1
4397665 5 1 10 1
4398400 0 1 6 0
4399701 5 1 6 1
4400345 0 1 10 0
4400563 7 1 10 0
4401287 5 1 10 0
4404068 7 1 10 1
4404345 5 1 6 0
4404702 0 1 6 1
4405193 0 1 10 1
4406956 5 1 10 1
4407712 7 1 10 0
4409419 0 1 10 0
4409662 5 1 10 0
4409714 5 1 6 1
4410086 5 1 6 0
4410126 0 1 6 0
4412377 5 1 6 1
4412821 7 1 10 1
4415228 0 1 10 1
4415887 0 1 6 1
4415999 5 1 6 0
4416145 5 1 10 1
4418229 2 1 7 1
4418437 7 1 10 0
4419118 0 1 10 0
4419342 5 1 10 0
4420533 0 1 6 0
4421399 2 1 7 0
4422133 5 1 6 1
4422974 7 1 10 1
4423032 0 1 10 1
4425479 5 1 10 1
4426183 0 1 6 1
4426623 5 1 6 0
4427067 0 1 10 0
4427596 7 1 10 0
4428868 5 1 10 0
4431026 0 1 6 0
4432653 2 1 7 1
4433129 7 1 10 1
4434168 0 1 10 1
4435499 5 1 6 1
4435930 2 1 7 0
4435963 0 1 6 1
4437802 0 1 10 0
4438310 5 1 6 0
4438511 7 1 10 0
4439067 5 1 10 1
4439764 0 1 6 0
4443511 5 1 10 0
4443941 0 1 10 1
4444030 7 1 10 1
4444049 0 1 6 1
4444084 0 1 10 0
4444436 0 1 10 1
4445302 5 1 6 1
4447902 0 1 10 0
4447997 2 1 7 1
4448535 0 1 6 0
4448900 5 1 6 0
4449408 7 1 10 0
4450885 2 1 7 0
4451478 5 1 10 1
4453821 0 1 6 1
4454037 7 1 10 1
4454106 0 1 10 1
4454362 5 1 10 0
4457235 5 1 6 1
4457439 0 1 10 0
4457624 5 1 6 0
4458335 7 1 10 0
4459197 5 1 6 1
4459260 0 1 6 0
4460956 2 1 7 1
4461086 2 1 7 0
4461577 5 1 6 0
4461900 5 1 10 1
4461903 5 1 10 0
4462222 5 1 10 1
4462335 2 1 7 1
4462723 2 1 7 0
4463099 2 1 7 1
4463177 7 1 10 1
4463680 7 1 10 0
4464064 7 1 10 1
4464221 0 1 10 1
4465295 0 1 6 1
4465654 5 1 10 0
4465749 2 1 7 0
4466716 0 1 10 0
4467607 7 1 10 0
4470109 0 1 6 0
4470117 5 1 6 1
4470120 5 1 6 0
4470418 0 1 10 1
4470533 5 1 6 1
4470774 0 1 10 0
4470956 0 1 10 1
4471213 0 1 10 0
4471307 0 1 10 1
4472379 5 1 10 1
4472469 5 1 10 0
4472636 7 1 10 1
4473106 5 1 10 1
4473720 5 1 6 0
4474183 0 1 10 0
4475298 0 1 6 1
4475763 0 1 6 0
4476105 5 1 10 0
4476337 0 1 6 1
4476816 2 1 7 1
4477019 7 1 10 0
4480331 2 1 7 0
4480408 0 1 6 0
4480525 5 1 6 1
4481051 0 1 10 1
4482277 7 1 10 1
4482931 7 1 10 0
4482947 5 1 10 1
4483184 7 1 10 1
4483410 5 1 6 0
4484113 0 1 10 0
4485288 0 1 6 1
4485707 7 1 10 0
4486208 5 1 10 0
4489513 2 1 7 1
4489527 7 1 10 1
4489765 0 1 6 0
4491350 0 1 10 1
4491476 0 1 10 0
4491709 0 1 10 1
4491905 5 1 6 1
4492405 2 1 7 0
4492732 7 1 10 0
4494462 0 1 10 0
4495063 5 1 10 1
4495538 0 1 6 1
4495711 5 1 6 0
4498295 5 1 10 0
4498448 2 1 7 1
4498885 7 1 10 1
4499445 0 1 6 0
4502098 2 1 7 0
4503064 7 1 10 0
4503153 0 1 10 1
4503837 5 1 6 1
4504181 5 1 10 1
4504585 0 1 6 1
4506520 0 1 10 0
4507452 5 1 6 0
4507753 7 1 10 1
4507946 5 1 10 0
4508188 0 1 6 0
4511153 2 1 7 1
4512105 7 1 10 0
4513292 5 1 6 1
4513345 5 1 10 1
4513356 5 1 10 0
4513715 0 1 6 1
4513969 0 1 10 1
4514357 5 1 10 1
4514684 2 1 7 0
4516390 5 1 6 0
4517681 0 1 6 0
4518689 7 1 10 1
4518932 5 1 10 0
4519067 0 1 10 0
4522711 7 1 10 0
4522873 0 1 6 1
4523989 2 1 7 1
4525252 5 1 10 1
4525952 0 1 10 1
4526725 0 1 6 0
4527762 2 1 7 0
4528144 7 1 10 1
4529279 5 1 10 0
4530806 0 1 10 0
4532238 7 1 10 0
4532442 0 1 6 1
4532826 0 1 6 0
4533091 0 1 6 1
4535564 5 1 10 1
4535575 2 1 7 1
4536175 0 1 10 1
4536289 0 1 10 0
4536560 0 1 10 1
4536825 0 1 6 0
4537562 4 1 5 1
4537565 4 1 5 0
4538155 4 1 5 1
4538744 7 1 10 1
4539225 2 1 7 0
4539768 0 1 10 0
4540308 5 1 10 0
4540658 4 1 5 0
4542403 7 1 10 0
4542434 0 1 6 1
4542441 0 1 6 0
4542801 0 1 6 1
4544471 0 1 10 1
4545103 0 1 10 0
4545310 0 1 10 1
4545775 5 1 10 1
4546349 0 1 6 0
4548394 0 1 10 0
4548485 4 1 5 1
4549127 2 1 7 1
4549388 2 1 7 0
4549537 7 1 10 1
4549675 7 1 10 0
4549706 5 1 10 0
4549887 2 1 7 1
4550424 7 1 10 1
4551644 4 1 5 0
4553231 0 1 6 1
4553442 2 1 7 0
4553689 7 1 10 0
4554504 0 1 10 1
4555546 5 1 10 1
4556880 0 1 6 0
4558522 0 1 10 0
4559024 4 1 5 1
4560601 7 1 10 1
4560658 5 1 10 0
4561914 2 1 7 1
4562782 4 1 5 0
4563522 0 1 6 1
4563578 7 1 7 1
4563791 7 1 7 0
4564109 7 1 7 1
4564556 0 1 10 1
4564936 7 1 10 0
4564945 2 1 7 0
4565487 5 1 10 1
4566296 7 1 7 0
4567029 0 1 6 0
4568525 0 1 10 0
4570952 5 1 10 0
4572031 4 1 5 1
4572257 4 1 5 0
4572678 4 1 5 1
4573266 7 1 10 1
4573585 0 1 6 1
4573758 0 1 10 1
4573842 0 1 6 0
4573897 2 1 7 1
4574138 0 1 10 0
4574357 0 1 6 1
4574391 0 1 10 1
4574521 0 1 10 0
4574897 0 1 10 1
4575474 4 1 5 0
4575542 7 1 7 1
4575884 5 1 10 1
4576173 7 1 10 0
4576801 2 1 7 0
4578063 0 1 10 0
4578471 0 1 6 0
4578757 7 1 7 0
4579647 5 1 10 0
4582518 7 1 10 1
4582688 0 1 10 1
4582871 5 1 10 1
4584106 2 1 7 1
4584177 4 1 5 1
4584734 4 1 5 0
4585006 0 1 6 1
4585092 4 1 5 1
4585639 7 1 10 0
4586016 0 1 10 0
4586615 4 1 5 0
4587196 2 1 7 0
4588101 0 1 6 0
4588125 5 1 10 0
4590172 7 1 7 1
4591137 0 1 10 1
4592650 7 1 7 0
4593052 0 1 6 1
4593524 5 1 10 1
4594459 7 1 10 1
4595237 4 1 5 1
4595753 4 1 5 0
4596002 0 1 10 0
4596476 0 1 6 0
4597043 4 1 5 1
4597085 2 1 7 1
4597714 4 1 5 0
4598574 5 1 10 0
4598768 7 1 10 0
4600970 2 1 7 0
4601631 0 1 10 1
4603151 0 1 6 1
4604099 4 1 5 1
4604106 5 1 10 1
4604746 4 1 5 0
4605293 4 1 5 1
4605781 4 1 5 0
4606208 0 1 10 0
4606973 2 1 7 1
4607268 0 1 6 0
4609280 7 1 10 1
4609844 5 1 10 0
4610109 2 1 7 0
4612840 7 1 10 0
4612965 0 1 10 1
4613556 4 1 5 1
4613681 4 1 5 0
4614311 0 1 6 1
4614477 5 1 10 1
4616224 2 1 7 1
4617031 0 1 10 0
4618557 4 1 5 1
4618705 0 1 6 0
4619176 5 1 10 0
4619702 2 1 7 0
4619724 4 1 5 0
4621106 7 1 10 1
4622637 0 1 10 1
4622642 5 1 10 1
4622654 5 1 10 0
4622936 5 1 10 1
4624146 7 1 10 0
4625109 2 1 7 1
4625331 0 1 6 1
4626991 0 1 10 0
4627469 5 1 10 0
4628858 2 1 7 0
4629159 0 1 6 0
4630854 7 1 10 1
4631810 7 1 10 0
4632440 5 1 10 1
4632824 7 1 10 1
4633505 7 1 10 0
4633579 0 1 10 1
4634612 2 1 7 1
4636232 7 1 10 1
4636702 0 1 6 1
4636862 0 1 10 0
4637308 5 1 10 0
4638266 2 1 7 0
4638550 7 1 10 0
4640742 0 1 6 0
4640930 5 1 10 1
4643231 0 1 10 1
4645198 2 1 7 1
4645770 5 1 10 0
4646916 4 1 5 1
4647368 4 1 5 0
4647418 0 1 6 1
4647838 4 1 5 1
4647878 0 1 10 0
4648527 4 1 5 0
4648866 4 1 5 1
4648925 2 1 7 0
4649405 4 1 5 0
4650203 7 1 10 1
4651499 0 1 6 0
4652388 5 1 10 1
4653086 7 1 10 0
4653220 0 1 10 1
4653767 4 1 7 1
4653961 4 1 7 0
4654182 2 1 7 1
4654771 4 1 7 1
4657380 5 1 10 0
4657409 0 1 6 1
4657481 0 1 10 0
4657549 2 1 7 0
4657732 0 1 6 0
4658601 4 1 7 0
4660266 0 1 6 1
4660549 0 1 6 0
4660872 0 1 6 1
4662081 2 1 7 1
4662487 5 1 10 1
4663212 0 1 10 1
4664058 0 1 6 0
4664678 4 1 7 1
4665269 2 1 7 0
4667513 5 1 10 0
4667555 0 1 10 0
4668353 4 1 7 0
4668476 7 1 10 1
4669487 0 1 6 1
4670899 2 1 7 1
4671426 0 1 10 1
4672596 0 1 6 0
4673082 7 1 10 0
4673218 4 1 5 1
4673415 4 1 5 0
4673849 4 1 5 1
4673949 4 1 7 1
4673994 5 1 10 1
4674067 4 1 5 0
4674839 4 1 5 1
4674846 2 1 7 0
4676369 0 1 10 0
4676679 4 1 5 0
4677540 4 1 7 0
4678627 5 1 10 0
4679926 2 1 7 1
4680056 2 1 7 0
4680309 2 1 7 1
4680630 0 1 10 1
4680633 0 1 10 0
4680951 2 1 7 0
4681118 0 1 6 1
4681375 0 1 10 1
4681590 2 1 7 1
4683362 5 1 10 1
4684512 4 1 7 1
4685157 0 1 6 0
4685536 2 1 7 0
4686558 4 1 5 1
4686749 4 1 5 0
4686798 0 1 10 0
4686907 7 1 10 1
4687624 5 1 10 0
4687629 4 1 5 1
4688509 4 1 7 0
4689688 7 1 10 0
4689808 4 1 5 0
4691898 0 1 10 1
4692291 5 1 10 1
4692425 2 1 7 1
4692617 0 1 6 1
4696044 5 1 10 0
4696057 0 1 6 0
4696153 0 1 10 0
4696279 2 1 7 0
4696366 4 1 7 1
4698004 7 1 10 1
4698130 7 1 10 0
4699059 7 1 10 1
4699667 4 1 5 1
4699698 0 1 10 1
4699824 0 1 10 0
4700274 4 1 7 0
4700323 0 1 10 1
4700912 5 1 10 1
4701602 7 1 10 0
4702363 0 1 6 1
4702442 4 1 5 0
4704536 2 1 7 1
4704587 0 1 10 0
4705664 0 1 6 0
4706361 5 1 10 0
4708318 4 1 7 1
4708606 2 1 7 0
4710245 4 1 5 1
4710537 0 1 10 1
4710786 4 1 5 0
4711121 0 1 6 1
4711365 5 1 10 1
4711515 4 1 5 1
4711634 7 1 10 1
4711713 4 1 7 0
4712018 7 1 10 0
4712796 7 1 10 1
4712991 2 1 7 1
4713176 7 1 10 0
4713679 7 1 10 1
4713834 0 1 6 0
4713965 4 1 5 0
4714170 0 1 10 0
4715701 5 1 10 0
4716578 2 1 7 0
4716978 7 1 10 0
4718419 4 1 7 1
4719028 0 1 10 1
4719771 0 1 6 1
4720788 4 1 5 1
4720914 4 1 5 0
4721453 4 1 7 0
4721755 5 1 10 1
4722015 4 1 5 1
4723003 2 1 7 1
4723005 7 1 10 1
4723826 0 1 6 0
4724260 2 1 7 0
4724685 2 1 7 1
4724692 0 1 10 0
4724843 4 1 5 0
4726354 5 1 10 0
4727210 7 1 10 0
4727256 2 1 7 0
4727873 4 1 7 1
4730654 4 1 7 0
4730853 5 1 10 1
4731517 0 1 10 1
4732250 0 1 6 1
4732394 2 1 7 1
4733012 7 1 10 1
4733322 7 1 10 0
4733579 7 1 10 1
4734430 5 1 10 0
4735291 0 1 10 0
4735701 2 1 7 0
4736576 0 1 6 0
4737197 4 1 7 1
4737302 7 1 10 0
4739368 0 1 10 1
4740466 5 1 10 1
4741098 4 1 7 0
4741169 4 1 5 1
4742776 2 1 7 1
4742895 7 1 10 1
4743745 4 1 5 0
4744664 5 1 10 0
4745250 0 1 6 1
4745760 0 1 10 0
4745801 2 1 7 0
4746235 7 1 10 0
4749050 0 1 6 0
4749803 0 1 10 1
4750114 5 1 10 1
4750465 5 1 10 0
4750713 4 1 7 1
4750758 7 1 10 1
4750841 5 1 10 1
4751785 2 1 7 1
4754124 0 1 10 0
4754800 4 1 7 0
4754929 5 1 10 0
4755053 7 1 10 0
4755911 2 1 7 0
4755978 0 1 6 1
4759130 0 1 6 0
4759322 0 1 10 1
4759681 7 1 10 1
4760384 5 1 10 1
4761361 2 1 7 1
4761657 2 1 7 0
4761806 4 1 5 1
4762171 2 1 7 1
4763161 7 1 10 0
4763711 4 1 7 1
4763805 2 1 7 0
4764104 2 1 7 1
4764726 2 1 7 0
4764756 4 1 5 0
4765106 5 1 10 0
4766297 0 1 6 1
4766528 0 1 10 0
4766668 4 1 7 0
4768054 7 1 10 1
4768178 2 1 7 1
4768304 2 1 7 0
4768807 2 1 7 1
4769845 0 1 6 0
4770928 0 1 10 1
4771143 5 1 10 1
4772469 2 1 7 0
4774286 7 1 10 0
4774515 5 1 10 0
4774769 4 1 7 1
4775381 0 1 10 0
4777245 0 1 6 1
4777512 0 1 6 0
4777979 0 1 6 1
4778648 4 1 7 0
4778894 0 1 10 1
4779006 5 1 10 1
4779475 7 1 10 1
4779885 2 1 7 1
4780849 4 1 5 1
4780913 0 1 6 0
4782894 5 1 10 0
4783752 4 1 5 0
4783841 7 1 10 0
4784160 2 1 7 0
4785441 4 1 7 1
4786157 0 1 10 0
4787024 7 1 10 1
4787150 7 1 10 0
4787403 7 1 10 1
4787988 4 1 7 0
4788107 0 1 6 1
4789008 5 1 10 1
4790015 5 1 10 0
4790169 0 1 10 1
4790399 5 1 10 1
4791372 0 1 6 0
4791503 7 1 10 0
4791667 2 1 7 1
4793025 5 1 10 0
4794079 0 1 10 0
4795097 4 1 7 1
4795505 2 1 7 0
4796200 7 1 10 1
4797693 0 1 10 1
4798413 4 1 7 0
4798778 5 1 10 1
4799896 2 1 7 1
4800022 2 1 7 0
4800507 7 1 10 0
4800894 2 1 7 1
4802666 5 1 10 0
4804068 2 1 7 0
4804212 0 1 6 1
4804781 0 1 10 0
4804817 7 1 10 1
4804849 0 1 6 0
4805066 7 1 10 0
4805323 7 1 10 1
4805389 4 1 7 1
4805434 0 1 6 1
4805881 4 1 7 0
4805955 4 1 5 1
4806294 4 1 7 1
4806849 0 1 6 0
4807352 0 1 6 1
4807415 4 1 5 0
4807935 0 1 6 0
4809273 4 1 7 0
4809292 0 1 10 1
4810092 7 1 10 0
4810293 2 1 7 1
4811026 5 1 10 1
4814398 5 1 10 0
4814584 0 1 10 0
4814895 2 1 7 0
4814904 7 1 10 1
4815759 4 1 5 1
4817885 0 1 10 1
4818765 4 1 5 0
4818979 4 1 7 1
4819850 7 1 10 0
4820056 5 1 10 1
4821649 4 1 7 0
4821908 0 1 6 1
4822160 2 1 7 1
4822652 0 1 7 1
4823321 5 1 10 0
4824356 7 1 10 1
4824358 4 1 5 1
4824389 0 1 10 0
4824523 0 1 6 0
4825105 2 1 7 0
4827225 0 1 7 0
4827919 4 1 5 0
4829532 7 1 10 0
4829561 0 1 10 1
4831327 0 1 7 1
4831370 2 1 7 1
4831704 5 1 10 1
4834095 0 1 10 0
4834541 4 1 5 1
4835340 0 1 7 0
4835523 5 1 10 0
4836124 2 1 7 0
4837505 4 1 5 0
4837530 4 1 7 1
4837591 0 1 10 1
4838224 4 1 7 0
4838695 4 1 7 1
4839820 0 1 7 1
4839919 4 1 7 0
4840871 0 1 10 0
4843188 2 1 7 1
4843460 5 1 10 1
4843586 5 1 10 0
4843839 5 1 10 1
4844446 0 1 7 0
4844903 0 1 10 1
4846481 4 1 5 1
4846806 5 1 10 0
4848586 2 1 7 0
4849544 0 1 7 1
4849678 4 1 5 0
4850622 0 1 10 0
4851375 4 1 7 1
4853513 0 1 7 0
4853843 4 1 7 0
4853942 2 1 7 1
4853998 5 1 10 1
4855025 0 1 10 1
4856550 4 1 5 1
4857281 5 1 10 0
4858444 2 1 7 0
4858481 0 1 7 1
4860146 4 1 5 0
4860546 0 1 10 0
4862285 0 1 7 0
4863325 2 1 7 1
4864970 0 1 10 1
4865881 5 1 10 1
4865988 0 1 6 1
4867025 0 1 6 0
4867338 4 1 5 1
4867410 0 1 7 1
4867526 0 1 6 1
4867659 0 1 7 0
4867737 2 1 7 0
4867847 4 1 7 1
4868055 0 1 7 1
4868312 0 1 6 0
4868603 4 1 7 0
4868898 5 1 10 0
4870288 4 1 5 0
4870304 0 1 10 0
4872036 0 1 7 0
4872721 2 1 7 1
4872950 4 1 7 1
4873666 4 1 7 0
4874390 0 1 10 1
4875011 4 1 7 1
4875431 4 1 7 0
4875548 5 1 10 1
4876088 4 1 5 1
4876393 4 1 5 0
4876706 5 1 10 0
4876955 5 1 10 1
4877145 4 1 5 1
4878128 0 1 7 1
4878323 5 1 10 0
4878327 2 1 7 0
4880081 4 1 5 0
4881850 0 1 10 0
4881982 4 1 7 1
4882227 4 1 7 0
4882264 0 1 7 0
4882830 2 1 7 1
4883423 4 1 7 1
4883759 5 1 10 1
4884293 5 1 10 0
4884872 5 1 10 1
4886049 4 1 7 0
4886609 0 1 10 1
4887130 2 1 7 0
4887981 5 1 10 0
4888303 4 1 5 1
4889228 0 1 7 1
4890589 0 1 10 0
4891308 2 1 7 1
4891532 4 1 5 0
4892797 0 1 7 0
4893099 5 1 10 1
4893233 5 1 10 0
4893994 5 1 10 1
4894612 0 1 10 1
4896473 2 1 7 0
4897105 5 1 10 0
4898547 4 1 5 1
4898899 0 1 7 1
4899394 0 1 10 0
4900823 4 1 7 1
4901210 2 1 7 1
4902087 0 1 7 0
4902839 4 1 5 0
4903290 0 1 10 1
4903629 4 1 7 0
4904999 5 1 6 1
4905613 2 1 7 0
4906256 5 1 10 1
4907177 5 1 6 0
4907602 0 1 7 1
4908159 0 1 10 0
4908846 4 1 5 1
4909948 5 1 10 0
4910920 0 1 7 0
4911116 2 1 7 1
4911167 5 1 6 1
4911630 0 1 10 1
4911930 4 1 5 0
4914852 2 1 7 0
4915264 5 1 6 0
4916357 0 1 10 0
4916896 4 1 7 1
4917443 0 1 7 1
4917607 5 1 10 1
4917624 4 1 5 1
4917733 5 1 10 0
4917990 5 1 10 1
4918906 5 1 6 1
4919254 4 1 7 0
4920740 5 1 10 0
4920854 0 1 7 0
4921188 4 1 5 0
4921817 0 1 10 1
4922315 2 1 7 1
4922818 2 1 7 0
4923634 5 1 6 0
4923756 2 1 7 1
4926905 2 1 7 0
4927565 5 1 10 1
4927584 4 1 5 1
4927636 0 1 10 0
4928069 0 1 7 1
4928422 5 1 6 1
4930784 5 1 10 0
4931359 4 1 5 0
4931622 0 1 10 1
4931976 2 1 7 1
4931979 0 1 7 0
4934686 5 1 6 0
4935163 4 1 7 1
4935546 4 1 7 0
4935752 0 1 10 0
4936175 4 1 7 1
4936412 2 1 7 0
4938240 4 1 5 1
4938531 4 1 7 0
4938644 0 1 10 1
4938704 5 1 10 1
4939717 5 1 6 1
4939944 0 1 7 1
4942134 4 1 5 0
4942275 5 1 10 0
4944116 0 1 7 0
4944480 2 1 7 1
4944606 2 1 7 0
4944778 0 1 10 0
4944890 2 1 7 1
4945693 5 1 6 0
4947864 4 1 5 1
4947867 4 1 5 0
4948188 4 1 5 1
4948684 5 1 10 1
4949415 2 1 7 0
4949908 0 1 10 1
4950474 5 1 6 1
4950863 0 1 7 1
4951602 4 1 5 0
4952130 5 1 10 0
4954176 0 1 7 0
4954824 0 1 6 1
4954827 0 1 6 0
4955553 5 1 6 0
4955711 0 1 6 1
4955993 0 1 6 0
4956215 0 1 6 1
4957022 0 1 10 0
4957212 4 1 5 1
4957226 2 1 7 1
4958467 0 1 6 0
4958471 5 1 10 1
4960082 0 1 7 1
4960203 5 1 6 1
4960437 4 1 5 0
4961130 2 1 7 0
4961169 0 1 10 1
4961954 5 1 10 0
4963905 5 1 6 0
4964241 0 1 7 0
4966500 0 1 10 0
4967510 4 1 5 1
4967567 5 1 6 1
4967946 2 1 7 1
4968032 5 1 10 1
4968416 5 1 10 0
4969390 5 1 10 1
4970729 4 1 5 0
4971302 0 1 7 1
4971857 0 1 10 1
4972193 5 1 6 0
4972392 2 1 7 0
4972493 5 1 10 0
4973417 0 1 6 1
4973952 0 1 7 0
4974934 7 1 10 1
4975835 5 1 6 1
4976516 0 1 6 0
4976893 0 1 10 0
4979179 5 1 6 0
4979181 0 1 7 1
4980465 0 1 10 1
4980766 5 1 10 1
4981288 2 1 7 1
4981563 7 1 10 0
4982326 0 1 7 0
4982940 5 1 6 1
4984159 0 1 6 1
4984403 5 1 10 0
4984670 0 1 6 0
4985024 7 1 10 1
4985156 2 1 7 0
4985543 0 1 6 1
4985608 0 1 10 0
4986636 0 1 6 0
4986852 5 1 6 0
4987058 0 1 6 1
4988309 4 1 5 1
4988338 0 1 6 0
4990512 0 1 10 1
4990524 5 1 6 1
4991500 2 1 7 1
4991627 4 1 5 0
4992876 5 1 10 1
4993084 0 1 7 1
4993487 7 1 10 0
4994584 2 1 7 0
4994899 0 1 10 0
4995613 0 1 6 1
4995894 5 1 6 0
4996238 5 1 10 0
4996642 0 1 7 0
4997165 7 1 10 1
4998763 0 1 6 0
4999228 5 1 6 1
5000287 0 1 10 1
5001158 2 1 7 1
5001684 2 1 7 0
5002195 2 1 7 1
5002325 2 1 7 0
5002574 2 1 7 1
5002674 5 1 10 1
5003002 4 1 5 1
5003541 7 1 10 0
5003805 5 1 6 0
5003970 2 1 7 0
5004104 2 1 7 1
5004856 2 1 7 0
5005612 4 1 5 0
5006139 0 1 6 1
5006540 5 1 10 0
5008041 5 1 6 1
5008044 7 1 10 1
5008241 0 1 7 1
5008808 0 1 10 0
5009190 0 1 6 0
5011276 2 1 7 1
5011432 0 1 7 0
5012263 5 1 10 1
5012449 7 1 10 0
5014468 0 1 10 1
5015319 5 1 6 0
5015520 2 1 7 0
5015713 7 1 10 1
5016447 5 1 10 0
5016947 0 1 6 1
5017004 4 1 5 1
5020047 4 1 5 0
5020272 0 1 10 0
5020575 5 1 6 1
5020822 0 1 6 0
5021490 0 1 7 1
5021704 7 1 10 0
5021898 0 1 7 0
5022605 0 1 7 1
5024093 0 1 10 1
5024580 2 1 7 1
5024751 5 1 10 1
5024944 2 1 7 0
5025061 0 1 7 0
5025074 2 1 7 1
5025931 4 1 5 1
5026015 7 1 10 1
5026764 5 1 6 0
5027355 4 1 7 1
5027709 0 1 6 1
5027731 4 1 7 0
5027961 2 1 7 0
5027992 4 1 7 1
5028763 5 1 10 0
5029886 4 1 5 0
5030264 5 1 6 1
5030398 0 1 10 0
5030543 0 1 6 0
5030646 4 1 7 0
5032190 7 1 10 0
5034264 0 1 10 1
5034381 0 1 7 1
5034564 5 1 10 1
5035433 2 1 7 1
5035559 2 1 7 0
5035874 5 1 6 0
5036278 4 1 5 1
5036834 7 1 10 1
5036878 2 1 7 1
5037342 0 1 7 0
5037534 0 1 6 1
5038684 5 1 10 0
5039235 4 1 5 0
5039415 0 1 10 0
5040596 5 1 6 1
5041114 2 1 7 0
5041630 0 1 6 0
5044338 7 1 10 0
5044471 4 1 5 1
5044739 5 1 10 1
5044748 0 1 10 1
5045073 5 1 10 0
5045445 5 1 10 1
5047306 5 1 6 0
5047658 0 1 7 1
5048136 4 1 5 0
5048357 4 1 7 1
5048794 2 1 7 1
5048857 7 1 10 1
5049066 0 1 6 1
5049096 5 1 10 0
5049363 4 1 7 0
5050250 4 1 7 1
5050313 5 1 6 1
5050905 0 1 7 0
5050973 4 1 7 0
5051146 0 1 10 0
5052132 2 1 7 0
5052540 0 1 6 0
5053552 4 1 5 1
5054472 7 1 10 0
5055190 5 1 10 1
5055357 0 1 10 1
5055623 5 1 6 0
5056988 4 1 5 0
5057550 2 1 7 1
5058128 2 1 7 0
5058235 2 1 7 1
5058303 7 1 10 1
5058816 5 1 10 0
5058851 0 1 6 1
5058916 0 1 6 0
5059365 0 1 6 1
5059575 0 1 7 1
5059888 5 1 6 1
5060037 0 1 10 0
5061072 4 1 7 1
5061206 4 1 7 0
5061588 2 1 7 0
5061920 4 1 7 1
5062078 0 1 6 0
5062518 0 1 7 0
5062542 4 1 5 1
5062578 4 1 7 0
5063898 0 1 10 1
5064283 7 1 10 0
5064748 5 1 10 1
5065446 5 1 6 0
5065696 4 1 5 0
5067589 0 1 6 1
5068232 0 1 6 0
5068575 2 1 7 1
5068617 0 1 6 1
5068955 5 1 10 0
5069148 7 1 10 1
5069187 5 1 6 1
5069819 4 1 7 1
5070213 0 1 10 0
5071489 0 1 7 1
5071588 2 1 7 0
5071703 0 1 6 0
5071824 0 1 7 0
5072469 0 1 7 1
5072809 0 1 7 0
5072912 4 1 7 0
5072998 4 1 5 1
5073088 0 1 7 1
5074134 0 1 10 1
5074284 5 1 10 1
5075023 5 1 6 0
5075482 7 1 10 0
5076130 0 1 7 0
5076505 2 1 7 1
5077071 4 1 5 0
5077445 5 1 10 0
5078593 2 1 7 0
5078782 0 1 10 0
5078957 5 1 6 1
5079120 7 1 10 1
5079944 0 1 6 1
5083116 5 1 10 1
5083242 5 1 10 0
5083377 0 1 10 1
5083404 2 1 7 1
5083540 5 1 10 1
5083542 0 1 6 0
5083969 5 1 6 0
5084877 4 1 5 1
5085127 7 1 10 0
5085246 4 1 5 0
5085986 4 1 5 1
5086099 2 1 7 0
5087163 0 1 7 1
5087194 5 1 10 0
5087488 5 1 6 1
5088361 7 1 10 1
5089411 4 1 5 0
5090496 0 1 10 0
5090601 0 1 6 1
5090684 0 1 7 0
5092503 5 1 10 1
5092725 7 1 10 0
5093470 5 1 6 0
5093971 0 1 6 0
5094385 0 1 10 1
5095722 5 1 10 0
5096154 7 1 10 1
5096959 4 1 5 1
5097047 2 1 7 1
5098223 5 1 6 1
5099008 0 1 10 0
5100136 0 1 6 1
5100301 4 1 5 0
5100532 0 1 6 0
5100594 2 1 7 0
5100841 0 1 7 1
5100903 0 1 6 1
5101257 5 1 10 1
5101620 7 1 10 0
5101665 0 1 7 0
5102090 0 1 7 1
5102621 0 1 10 1
5103498 5 1 6 0
5103905 0 1 6 0
5104535 5 1 10 0
5104982 0 1 7 0
5105352 7 1 10 1
5107286 4 1 5 1
5107461 4 1 6 1
5107912 0 1 10 0
5108638 5 1 6 1
5109920 4 1 5 0
5110135 4 1 6 0
5110300 0 1 6 1
5110660 7 1 10 0
5110981 5 1 10 1
5111986 0 1 10 1
5112214 2 1 7 1
5113400 0 1 6 0
5113940 5 1 10 0
5114169 5 1 6 0
5114552 7 1 10 1
5115130 2 1 7 0
5115291 4 1 5 1
5115316 4 1 6 1
5115429 4 1 5 0
5115678 4 1 5 1
5116999 0 1 7 1
5117349 5 1 6 1
5118441 4 1 5 0
5118611 0 1 10 0
5119177 0 1 6 1
5119477 7 1 10 0
5120005 0 1 7 0
5120296 4 1 6 0
5122151 5 1 6 0
5122203 0 1 6 0
5122853 5 1 10 1
5123008 7 1 10 1
5124444 4 1 5 1
5124541 0 1 10 1
5125412 4 1 7 1
5125999 5 1 10 0
5126278 2 1 7 1
5126539 5 1 6 1
5126565 4 1 6 1
5126986 4 1 7 0
5127461 4 1 7 1
5127719 4 1 5 0
5128004 4 1 7 0
5129857 0 1 10 0
5129936 7 1 10 0
5130352 2 1 7 0
5130991 0 1 6 1
5130992 0 1 7 1
5131681 4 1 6 0
5132023 5 1 6 0
5133708 7 1 10 1
5133873 0 1 7 0
5133953 0 1 6 0
5134262 0 1 10 1
5134683 4 1 5 1
5134922 5 1 10 1
5135813 4 1 5 0
5135930 5 1 6 1
5136316 4 1 5 1
5137069 4 1 5 0
5137748 4 1 6 1
5138093 5 1 10 0
5139021 7 1 10 0
5139637 0 1 10 0
5140547 5 1 6 0
5140838 4 1 5 1
5141108 4 1 5 0
5141345 4 1 5 1
5141804 0 1 6 1
5141976 2 1 7 1
5142114 0 1 7 1
5142293 4 1 6 0
5142794 7 1 10 1
5143004 4 1 7 1
5143104 4 1 7 0
5143536 0 1 10 1
5144154 5 1 6 1
5144221 4 1 5 0
5144375 0 1 6 0
5144653 0 1 7 0
5145590 2 1 7 0
5147451 4 1 6 1
5148399 5 1 10 1
5149049 0 1 10 0
5149425 4 1 7 1
5149793 4 1 7 0
5150048 5 1 6 0
5150072 4 1 7 1
5150312 4 1 5 1
5151349 4 1 6 0
5151746 4 1 7 0
5151777 5 1 10 0
5151961 0 1 6 1
5151964 0 1 6 0
5152321 7 1 10 0
5153008 0 1 6 1
5153309 5 1 6 1
5153314 0 1 6 0
5153522 4 1 5 0
5153796 2 1 7 1
5153899 0 1 6 1
5154128 0 1 10 1
5154722 0 1 7 1
5156237 4 1 6 1
5156470 0 1 6 0
5156574 7 1 10 1
5156623 2 1 7 0
5157460 5 1 6 0
5157817 0 1 7 0
5158630 7 1 1 1
5159426 0 1 10 0
5160046 4 1 5 1
5160924 4 1 6 0
5161344 5 1 6 1
5162760 7 1 1 0
5162841 5 1 10 1
5163676 4 1 5 0
5163955 2 1 7 1
5165378 4 1 6 1
5166070 0 1 10 1
5166209 7 1 10 0
5166898 5 1 10 0
5167059 5 1 6 0
5167214 2 1 7 0
5167913 0 1 6 1
5168762 4 1 7 1
5168919 0 1 7 1
5169506 4 1 6 0
5169521 7 1 1 1
5169859 7 1 10 1
5170192 0 1 6 0
5171133 0 1 10 0
5171381 4 1 7 0
5171441 4 1 5 1
5171530 5 1 6 1
5172335 0 1 7 0
5174040 7 1 1 0
5174456 4 1 5 0
5174639 4 1 6 1
5175589 7 1 10 0
5175626 0 1 10 1
5177436 5 1 6 0
5178020 5 1 10 1
5178665 2 1 7 1
5179020 0 1 7 1
5179219 7 1 10 1
5179297 4 1 6 0
5179479 0 1 7 0
5179764 0 1 10 0
5179814 0 1 7 1
5179963 4 1 5 1
5181138 5 1 10 0
5181443 5 1 6 1
5181730 2 1 7 0
5182320 7 1 1 1
5182446 7 1 1 0
5182589 4 1 5 0
5182822 7 1 1 1
5183151 0 1 7 0
5184253 4 1 6 1
5185067 0 1 10 1
5185719 7 1 1 0
5187461 5 1 10 1
5187464 5 1 6 0
5187592 4 1 5 1
5188296 4 1 6 0
5188331 7 1 10 0
5189144 4 1 7 1
5189881 0 1 10 0
5190137 0 1 7 1
5190964 5 1 10 0
5191247 4 1 5 0
5191339 5 1 6 1
5191844 2 1 7 1
5191906 4 1 7 0
5192299 7 1 10 1
5192900 0 1 7 0
5193001 4 1 6 1
5194521 0 1 10 1
5195285 2 1 7 0
5195891 7 1 1 1
5197507 4 1 6 0
5197591 5 1 6 0
5197615 4 1 5 1
5197809 5 1 10 1
5197965 7 1 10 0
5198450 0 1 7 1
5199136 7 1 1 0
5199618 0 1 10 0
5200625 5 1 10 0
5200856 7 1 10 1
5201376 4 1 5 0
5201742 5 1 6 1
5202005 0 1 7 0
5203570 4 1 6 1
5204296 0 1 10 1
5205796 5 1 6 0
5206175 5 1 10 1
5206587 7 1 10 0
5206704 2 1 7 1
5206759 4 1 6 0
5207500 0 1 7 1
5207879 4 1 5 1
5209155 7 1 1 1
5209658 0 1 10 0
5209688 5 1 6 1
5210094 5 1 10 0
5210672 2 1 7 0
5210733 7 1 10 1
5211011 0 1 7 0
5211636 4 1 5 0
5211892 7 1 1 0
5214082 4 1 6 1
5215505 5 1 6 0
5216262 0 1 10 1
5216985 0 1 7 1
5217234 0 1 7 0
5217430 4 1 6 0
5217491 0 1 7 1
5218266 4 1 5 1
5218369 5 1 10 1
5219728 7 1 10 0
5220139 5 1 6 1
5220648 0 1 10 0
5221442 2 1 7 1
5221527 4 1 5 0
5221776 0 1 7 0
5222697 4 1 6 1
5223058 5 1 10 0
5223874 7 1 10 1
5224395 5 1 6 0
5224396 2 1 7 0
5225248 0 1 10 1
5225452 4 1 6 0
5228288 4 1 5 1
5228414 5 1 6 1
5229409 0 1 7 1
5230424 0 1 10 0
5230570 7 1 10 0
5231556 4 1 6 1
5232172 4 1 5 0
5232996 0 1 7 0
5233576 5 1 6 0
5233647 2 1 7 1
5233671 7 1 10 1
5234397 5 1 10 1
5235048 4 1 6 0
5236968 5 1 10 0
5237083 2 1 7 0
5237138 0 1 10 1
5237655 0 1 7 1
5239060 4 1 5 1
5239440 5 1 6 1
5240729 7 1 10 0
5240795 0 1 7 0
5241302 4 1 6 1
5242686 4 1 5 0
5243329 0 1 10 0
5244177 5 1 6 0
5244712 7 1 10 1
5245396 4 1 6 0
5247044 0 1 7 1
5247934 5 1 6 1
5248414 5 1 10 1
5248654 0 1 10 1
5248726 2 1 7 1
5249571 4 1 5 1
5249820 4 1 5 0
5250069 4 1 5 1
5250704 0 1 7 0
5251591 5 1 10 0
5251811 2 1 7 0
5251890 5 1 6 0
5252233 4 1 6 1
5253144 0 1 10 0
5253214 7 1 10 0
5253961 4 1 5 0
5255504 4 1 6 0
5256369 0 1 7 1
5256991 7 1 10 1
5257232 5 1 6 1
5258509 0 1 10 1
5260365 0 1 7 0
5260853 4 1 5 1
5261936 2 1 7 1
5262186 4 1 6 1
5262491 5 1 6 0
5262983 0 1 10 0
5263302 5 1 10 1
5263987 4 1 5 0
5264223 7 1 10 0
5265350 2 1 7 0
5265700 4 1 6 0
5266052 5 1 10 0
5266245 0 1 7 1
5266394 0 1 7 0
5266779 0 1 7 1
5267009 0 1 7 0
5267051 5 1 6 1
5267095 0 1 10 1
5267580 0 1 7 1
5269046 7 1 10 1
5269613 4 1 5 1
5271468 0 1 7 0
5272021 5 1 6 0
5272240 0 1 10 0
5272340 4 1 6 1
5273374 4 1 5 0
5275424 4 1 6 0
5276834 7 1 10 0
5277170 0 1 10 1
5277220 5 1 10 1
5277480 5 1 6 1
5277490 0 1 7 1
5279754 4 1 5 1
5280197 5 1 10 0
5280554 0 1 10 0
5281117 7 1 10 1
5282135 5 1 6 0
5282600 0 1 7 0
5283195 4 1 6 1
5283249 4 1 5 0
5286383 4 1 6 0
5287039 5 1 6 1
5287791 0 1 10 1
5288286 0 1 7 1
5288294 7 1 10 0
5289137 4 1 5 1
5291480 5 1 6 0
5291562 2 1 7 1
5291714 2 1 7 0
5292391 4 1 5 0
5292523 0 1 7 0
5292571 2 1 7 1
5292697 2 1 7 0
5293583 7 1 10 1
5293971 0 1 10 0
5296276 4 1 5 1
5296434 5 1 6 1
5296784 0 1 7 1
5296879 2 1 7 1
5297033 0 1 7 0
5297164 0 1 10 1
5297494 5 1 10 1
5297658 5 1 10 0
5297815 0 1 7 1
5298828 2 1 7 0
5298989 5 1 10 1
5300529 4 1 5 0
5301293 5 1 6 0
5301390 0 1 10 0
5301712 5 1 10 0
5301816 0 1 7 0
5302081 7 1 10 0
5304481 4 1 6 1
5304886 4 1 6 0
5305282 4 1 5 1
5305512 4 1 6 1
5305900 4 1 6 0
5305939 7 1 10 1
5306153 4 1 6 1
5306316 5 1 6 1
5306541 0 1 10 1
5306814 4 1 6 0
5307196 0 1 7 1
5307570 0 1 7 0
5307960 0 1 7 1
5310031 4 1 5 0
5310746 7 1 10 0
5311364 5 1 6 0
5311414 2 1 7 1
5311417 2 1 7 0
5312370 2 1 7 1
5312664 0 1 7 0
5312750 4 1 6 1
5312848 0 1 10 0
5312882 4 1 6 0
5313099 2 1 7 0
5313372 2 1 7 1
5314232 5 1 10 1
5314358 5 1 10 0
5314622 2 1 7 0
5314742 5 1 10 1
5314801 4 1 6 1
5314998 5 1 6 1
5315169 4 1 5 1
5315924 0 1 10 1
5316117 0 1 10 0
5316137 7 1 10 1
5316522 0 1 10 1
5317000 4 1 6 0
5317428 5 1 10 0
5319037 0 1 7 1
5319647 5 1 6 0
5320422 4 1 5 0
5321376 0 1 10 0
5322678 0 1 7 0
5323861 7 1 10 0
5324737 5 1 6 1
5325558 0 1 10 1
5325663 4 1 5 1
5327634 7 1 10 1
5329328 2 1 7 1
5329716 2 1 7 0
5329773 5 1 6 0
5330145 2 1 7 1
5330170 4 1 5 0
5331481 0 1 10 0
5331565 4 1 6 1
5331768 2 1 7 0
5333501 7 1 10 0
5333915 0 1 7 1
5334896 4 1 6 0
5334959 5 1 6 1
5335871 0 1 10 1
5336578 4 1 5 1
5337467 0 1 7 0
5338556 7 1 10 1
5340128 5 1 6 0
5340653 0 1 10 0
5342125 4 1 5 0
5342164 7 1 10 0
5342536 5 1 10 1
5344318 0 1 10 1
5344447 5 1 6 1
5345163 5 1 10 0
5345904 7 1 10 1
5347949 0 1 10 0
5348424 4 1 5 1
5348669 5 1 6 0
5350452 4 1 6 1
5350771 7 1 10 0
5351710 0 1 10 1
5352447 4 1 5 0
5353307 5 1 6 1
5353432 4 1 6 0
5355209 7 1 10 1
5357388 4 1 5 1
5357688 0 1 10 0
5358716 0 1 7 1
5358721 5 1 6 0
5358799 7 1 10 0
5359738 5 1 10 1
5360008 0 1 7 0
5360467 0 1 7 1
5360597 0 1 7 0
5360854 0 1 10 1
5361361 4 1 5 0
5362067 5 1 10 0
5363793 7 1 10 1
5364049 5 1 6 1
5366136 0 1 10 0
5366366 4 1 5 1
5367560 7 1 10 0
5369715 5 1 6 0
5370187 0 1 10 1
5370527 4 1 5 0
5371306 4 1 6 1
5371346 7 1 10 1
5371727 0 1 7 1
5371918 4 1 6 0
5372241 4 1 6 1
5372498 4 1 6 0
5372641 4 1 6 1
5372898 4 1 6 0
5373278 4 1 6 1
5373437 4 1 6 0
5374099 5 1 6 1
5374775 0 1 7 0
5375054 4 1 5 1
5375082 7 1 10 0
5375194 4 1 5 0
5375443 4 1 5 1
5375828 0 1 10 0
5379476 4 1 5 0
5379740 5 1 6 0
5379841 0 1 10 1
5382130 7 1 10 1
5384489 5 1 6 1
5385023 4 1 5 1
5386388 7 1 10 0
5386662 0 1 7 1
5387024 0 1 10 0
5387322 0 1 7 0
5389270 4 1 5 0
5390058 5 1 6 0
5391503 7 1 10 1
5391948 0 1 7 1
5392312 0 1 10 1
5392737 0 1 7 0
5394409 5 1 6 1
5394633 7 1 10 0
5394915 4 1 5 1
5397966 0 1 7 1
5399065 4 1 5 0
5399108 5 1 6 0
5399626 0 1 10 0
5400287 0 1 7 0
5400897 7 1 10 1
5400900 7 1 10 0
5402171 7 1 10 1
5402395 0 1 10 1
5404262 5 1 6 1
5404469 4 1 5 1
5405417 7 1 10 0
5406836 0 1 10 0
5408074 4 1 5 0
5408160 5 1 6 0
5410262 7 1 10 1
5411407 0 1 10 1
5412593 4 1 5 1
5412761 4 1 5 0
5412949 5 1 6 1
5413080 4 1 5 1
5413206 4 1 5 0
5413832 4 1 5 1
5414517 7 1 10 0
5415294 0 1 7 1
5415394 0 1 7 0
5416109 5 1 6 0
5416222 0 1 7 1
5416489 0 1 7 0
5416615 0 1 10 0
5416830 0 1 7 1
5417521 0 1 7 0
5418251 4 1 5 0
5418294 0 1 7 1
5418414 0 1 7 0
5418886 0 1 7 1
5419258 0 1 7 0
5419384 0 1 10 1
5422425 5 1 6 1
5423483 4 1 5 1
5423551 7 1 10 1
5424751 0 1 10 0
5426802 5 1 6 0
5427080 7 1 10 0
5427368 4 1 5 0
5428253 0 1 10 1
5431256 4 1 5 1
5431413 0 1 7 1
5431737 7 1 10 1
5432803 5 1 6 1
5434397 0 1 10 0
5434620 0 1 7 0
5434821 7 1 10 0
5434880 4 1 5 0
5436509 5 1 6 0
5437697 0 1 10 1
5439598 4 1 5 1
5442498 7 1 10 1
5443109 0 1 10 0
5443429 5 1 6 1
5443662 4 1 5 0
5445951 7 1 10 0
5446852 0 1 10 1
5448346 5 1 6 0
5448669 4 1 5 1
5449999 0 1 7 1
5450159 0 1 10 0
5450309 0 1 7 0
5450570 0 1 7 1
5450784 7 1 10 1
5450935 7 1 10 0
5451619 7 1 10 1
5451820 0 1 7 0
5453314 4 1 5 0
5454299 7 1 10 0
5455143 5 1 6 1
5455226 0 1 10 1
5458217 4 1 5 1
5459175 5 1 6 0
5460397 0 1 10 0
5461191 7 1 10 1
5463477 4 1 5 0
5464704 0 1 7 1
5465206 5 1 6 1
5465234 7 1 10 0
5465569 0 1 10 1
5467363 0 1 7 0
5469000 4 1 5 1
5470392 7 1 10 1
5470815 5 1 6 0
5471321 0 1 10 0
5472818 4 1 5 0
5474437 7 1 10 0
5476516 0 1 10 1
5476842 5 1 6 1
5478219 4 1 5 1
5481278 7 1 10 1
5481886 5 1 6 0
5482103 0 1 10 0
5482708 4 1 5 0
5485316 7 1 10 0
5486218 5 1 6 1
5486654 0 1 10 1
5487104 4 1 5 1
5487332 4 1 5 0
5488255 0 1 7 1
5488689 4 1 5 1
5489105 0 1 7 0
5490132 0 1 7 1
5490401 0 1 7 0
5490506 7 1 10 1
5492289 0 1 10 0
5492386 5 1 6 0
5493367 4 1 5 0
5494918 7 1 10 0
5496562 0 1 10 1
5497175 5 1 6 1
5498535 0 1 7 1
5499128 4 1 5 1
5501176 0 1 7 0
5501220 0 1 10 0
5502179 5 1 6 0
5502309 7 1 10 1
5503240 4 1 5 0
5506352 7 1 10 0
5506368 0 1 10 1
5506798 5 1 6 1
5508054 4 1 5 1
5510775 0 1 10 0
5511609 4 1 5 0
5512520 7 1 10 1
5513407 7 1 10 0
5513489 5 1 6 0
5516460 4 1 5 1
5516596 0 1 10 1
5518765 5 1 6 1
5520842 4 1 5 0
5522278 0 1 10 0
5523843 5 1 6 0
5526544 0 1 7 1
5526572 4 1 5 1
5527236 0 1 7 0
5527639 5 1 6 1
5528298 0 1 7 1
5528696 0 1 10 1
5529194 0 1 7 0
5530260 4 1 5 0
5531530 0 1 10 0
5533642 5 1 6 0
5535424 0 1 10 1
5535648 4 1 5 1
5538629 5 1 6 1
5539663 0 1 10 0
5539836 4 1 5 0
5543134 0 1 7 1
5543446 0 1 7 0
5545077 0 1 10 1
5545488 5 1 6 0
5545968 0 1 7 1
5546132 4 1 5 1
5548595 0 1 7 0
5549588 4 1 5 0
5549811 0 1 10 0
5550115 5 1 6 1
5554650 4 1 5 1
5554989 5 1 6 0
5557400 0 1 10 1
5558414 4 1 5 0
5558804 0 1 10 0
5558959 0 1 10 1
5559743 5 1 6 1
5560627 0 1 10 0
5562925 4 1 5 1
5563179 4 1 5 0
5563431 4 1 5 1
5563948 0 1 10 1
5564468 5 1 6 0
5566701 4 1 5 0
5567738 0 1 10 0
5568944 5 1 6 1
5570836 4 1 5 1
5571212 4 1 5 0
5571459 0 1 7 1
5571715 4 1 5 1
5574012 0 1 7 0
5574068 0 1 10 1
5574751 5 1 6 0
5575853 4 1 5 0
5578737 0 1 10 0
5578901 5 1 6 1
5581932 4 1 5 1
5584279 5 1 6 0
5584638 0 1 10 1
5585630 0 1 7 1
5587476 4 1 5 0
5587918 0 1 7 0
5588175 5 1 6 1
5588765 0 1 10 0
5592772 4 1 5 1
5593388 5 1 6 0
5595067 0 1 10 1
5596835 5 1 6 1
5597577 4 1 5 0
5598234 0 1 10 0
5601773 0 1 10 1
5601846 4 1 5 1
5602935 0 1 10 0
5603223 0 1 10 1
5604807 0 1 10 0
5604857 5 1 6 0
5605709 4 1 5 0
5607606 5 1 6 1
5609018 0 1 10 1
5610228 4 1 5 1
5612456 0 1 10 0
5614640 5 1 6 0
5614645 4 1 5 0
5617448 0 1 10 1
5617876 5 1 6 1
5617998 0 1 10 0
5618370 0 1 10 1
5619064 4 1 5 1
5619727 0 1 7 1
5620952 4 1 10 1
5621114 0 1 10 0
5621130 4 1 10 0
5622903 0 1 7 0
5622989 4 1 10 1
5624724 4 1 5 0
5625485 4 1 10 0
5626514 5 1 6 0
5627372 0 1 10 1
5627574 0 1 10 0
5627880 0 1 10 1
5629943 5 1 6 1
5630172 0 1 7 1
5630445 4 1 5 1
5632537 0 1 10 0
5633966 0 1 7 0
5635042 4 1 5 0
5637154 5 1 6 0
5640284 5 1 6 1
5640948 0 1 10 1
5640966 4 1 5 1
5644267 0 1 7 1
5645021 0 1 10 0
5645806 4 1 5 0
5647025 0 1 7 0
5649760 5 1 6 0
5650030 4 1 10 1
5650283 4 1 10 0
5650687 4 1 5 1
5650906 0 1 10 1
5652671 0 1 7 1
5653242 5 1 6 1
5654044 4 1 10 1
5654305 4 1 10 0
5654431 4 1 5 0
5655100 0 1 7 0
5655118 0 1 10 0
5658062 4 1 10 1
5658386 4 1 10 0
5658693 4 1 10 1
5658798 4 1 10 0
5659188 4 1 5 1
5660169 5 1 6 0
5661917 0 1 10 1
5661920 0 1 10 0
5662412 0 1 10 1
5663256 4 1 10 1
5663389 0 1 7 1
5663428 4 1 5 0
5663545 5 1 6 1
5665704 4 1 10 0
5666908 0 1 7 0
5666948 0 1 10 0
5669320 4 1 5 1
5671886 5 1 6 0
5673316 0 1 7 1
5673979 4 1 5 0
5674828 0 1 10 1
5675016 5 1 6 1
5676384 0 1 7 0
5679097 4 1 5 1
5680430 0 1 10 0
5681526 0 1 7 1
5681785 4 1 10 1
5682505 4 1 5 0
5682543 4 1 10 0
5683073 4 1 10 1
5684458 4 1 10 0
5684544 5 1 6 0
5684970 0 1 7 0
5685643 0 1 10 1
5687130 4 1 5 1
5688542 5 1 6 1
5689901 0 1 10 0
5690775 4 1 5 0
5691001 0 1 7 1
5693652 5 1 6 0
5694675 0 1 7 0
5695472 0 1 10 1
5696273 4 1 5 1
5696564 5 1 6 1
5698553 4 1 10 1
5700536 4 1 5 0
5700964 0 1 7 1
5701589 0 1 10 0
5701708 4 1 10 0
5703491 5 1 6 0
5704565 0 1 7 0
5705633 4 1 5 1
5706976 5 1 6 1
5707425 0 1 10 1
5709592 4 1 5 0
5710114 0 1 7 1
5712517 5 1 6 0
5712704 0 1 10 0
5713848 0 1 7 0
5715844 4 1 5 1
5716000 5 1 6 1
5719114 0 1 10 1
5719829 4 1 5 0
5720133 0 1 7 1
5723698 0 1 7 0
5724125 5 1 6 0
5725342 0 1 10 0
5725915 4 1 5 1
5728025 5 1 6 1
5729754 4 1 5 0
5730211 0 1 10 1
5730899 0 1 7 1
5730984 0 1 7 0
5731241 0 1 7 1
5734184 5 1 6 0
5734455 0 1 10 0
5734554 4 1 5 1
5735020 0 1 7 0
5737946 4 1 5 0
5737957 5 1 6 1
5740189 0 1 10 1
5742020 0 1 7 1
5742970 5 1 6 0
5743715 4 1 5 1
5744416 0 1 10 0
5745167 0 1 7 0
5746769 5 1 6 1
5747693 4 1 5 0
5749150 0 1 10 1
5753328 0 1 7 1
5753847 4 1 5 1
5754246 0 1 10 0
5754585 5 1 6 0
5756780 0 1 7 0
5757593 4 1 5 0
5758854 5 1 6 1
5758861 0 1 10 1
5763174 0 1 10 0
5763396 4 1 5 1
5764276 5 1 6 0
5765835 0 1 7 1
5767276 4 1 5 0
5767402 5 1 6 1
5768582 0 1 7 0
5769197 0 1 10 1
5772265 4 1 5 1
5773510 0 1 10 0
5774603 5 1 6 0
5775510 4 1 5 0
5777256 0 1 7 1
5777783 0 1 7 0
5778471 5 1 6 1
5778768 0 1 7 1
5779668 0 1 7 0
5779721 0 1 10 1
5780237 4 1 5 1
5780421 0 1 7 1
5780428 4 1 5 0
5781103 0 1 7 0
5781369 4 1 5 1
5784474 4 1 5 0
5784513 0 1 10 0
5786567 5 1 6 0
5789591 4 1 5 1
5789702 0 1 7 1
5790484 5 1 6 1
5790958 0 1 10 1
5792634 0 1 7 0
5793826 4 1 5 0
5795364 0 1 10 0
5797615 5 1 6 0
5799820 4 1 5 1
5801127 5 1 6 1
5801642 0 1 10 1
5804233 4 1 5 0
5805362 0 1 10 0
5807699 5 1 6 0
5808138 0 1 7 1
5810401 4 1 5 1
5810831 0 1 10 1
5810934 0 1 7 0
5811472 5 1 6 1
5814505 0 1 10 0
5816023 4 1 5 0
5818117 5 1 6 0
5821029 0 1 10 1
5821767 5 1 6 1
5822295 4 1 5 1
5823767 0 1 10 0
5826053 0 1 7 1
5826475 0 1 7 0
5826880 0 1 7 1
5826934 4 1 5 0
5827813 5 1 6 0
5828350 0 1 10 1
5828498 0 1 7 0
5831408 4 1 5 1
5831481 0 1 10 0
5831713 5 1 6 1
5834946 4 1 5 0
5835180 0 1 7 1
5837459 0 1 10 1
5838840 0 1 7 0
5839703 4 1 5 1
5840191 5 1 6 0
5840943 0 1 10 0
5842645 4 1 5 0
5844065 5 1 6 1
5847038 0 1 7 1
5847440 0 1 10 1
5847906 4 1 5 1
5850464 0 1 7 0
5851103 5 1 6 0
5851890 0 1 10 0
5852623 4 1 5 0
5854908 5 1 6 1
5857519 0 1 7 1
5857567 0 1 7 0
5857892 0 1 7 1
5858529 0 1 10 1
5858827 0 1 7 0
5859402 0 1 7 1
5859607 4 1 5 1
5860743 0 1 7 0
5862171 0 1 10 0
5862581 5 1 6 0
5864807 4 1 5 0
5865981 5 1 6 1
5867455 0 1 10 1
5870799 0 1 10 0
5870943 5 1 6 0
5871253 4 1 5 1
5874081 5 1 6 1
5875449 4 1 5 0
5876460 0 1 10 1
5879513 0 1 10 0
5880437 4 1 5 1
5881666 5 1 6 0
5884662 4 1 5 0
5884688 0 1 10 1
5885195 0 1 10 0
5885316 5 1 6 1
5885645 0 1 10 1
5889330 0 1 10 0
5889518 4 1 5 1
5892734 5 1 6 0
5893046 4 1 5 0
5894886 0 1 10 1
5895774 0 1 7 1
5896315 0 1 7 0
5896637 0 1 7 1
5896638 5 1 6 1
5896856 0 1 7 0
5897671 0 1 7 1
5897837 4 1 5 1
5898182 0 1 10 0
5898960 0 1 7 0
5899399 0 1 7 1
5900590 0 1 7 0
5901638 4 1 5 0
5902787 0 1 10 1
5902970 0 1 10 0
5903711 0 1 10 1
5904545 5 1 6 0
5906117 0 1 7 1
5906721 0 1 10 0
5907891 4 1 5 1
5908337 5 1 6 1
5909031 0 1 7 0
5911680 0 1 10 1
5912731 4 1 5 0
5914943 0 1 7 1
5915305 5 1 6 0
5917857 4 1 5 1
5918053 4 1 5 0
5918391 0 1 7 0
5918572 0 1 10 0
5918615 4 1 5 1
5918618 5 1 6 1
5922770 0 1 10 1
5922966 4 1 5 0
5924412 5 1 6 0
5925303 0 1 7 1
5925427 0 1 7 0
5925676 0 1 7 1
5927435 5 1 6 1
5928358 0 1 7 0
5928477 4 1 5 1
5929880 0 1 10 0
5932628 4 1 5 0
5933413 0 1 10 1
5934761 5 1 6 0
5935766 0 1 7 1
5935982 0 1 7 0
5936143 0 1 7 1
5937139 4 1 5 1
5938252 5 1 6 1
5938799 0 1 7 0
5939436 0 1 10 0
5940743 4 1 5 0
5942104 1 1 5 1
5942107 1 1 5 0
5942684 0 1 10 1
5942856 0 1 10 0
5943044 1 1 5 1
5943122 0 1 10 1
5944711 0 1 7 1
5946209 1 1 5 0
5946492 4 1 5 1
5947397 5 1 6 0
5947432 0 1 10 0
5947734 0 1 7 0
5950753 0 1 10 1
5950940 5 1 6 1
5951967 4 1 5 0
5954536 1 1 5 1
5954539 1 1 5 0
5954797 0 1 7 1
5954919 1 1 5 1
5957525 1 1 5 0
5957750 0 1 10 0
5958140 0 1 7 0
5958461 4 1 5 1
5959056 5 1 6 0
5960720 0 1 10 1
5962706 5 1 6 1
5963922 4 1 5 0
5964941 0 1 7 1
5966202 0 1 10 0
5968213 0 1 7 0
5968874 1 1 5 1
5969453 4 1 5 1
5970093 1 1 5 0
5970290 0 1 10 1
5971097 5 1 6 0
5973908 4 1 5 0
5974574 0 1 7 1
5975175 5 1 6 1
5977901 0 1 7 0
5978025 1 1 5 1
5978082 0 1 10 0
5978095 1 1 5 0
5978517 1 1 5 1
5979431 4 1 5 1
5981054 1 1 5 0
5981270 0 1 10 1
5984873 4 1 5 0
5985271 5 1 6 0
5985337 0 1 7 1
5986643 0 1 10 0
5988590 0 1 7 0
5989173 5 1 6 1
5989559 4 1 5 1
5990206 0 1 10 1
5994940 4 1 5 0
5995145 1 1 5 1
5995521 1 1 5 0
5995788 0 1 7 1
5995932 5 1 6 0
5996020 1 1 5 1
5996142 0 1 7 0
5996546 0 1 7 1
5997306 0 1 10 0
5997785 1 1 5 0
5999712 5 1 6 1
5999713 0 1 7 0
6000010 4 1 5 1
6000347 0 1 10 1
6004693 4 1 5 0
6006053 0 1 10 0
6008864 0 1 7 1
6008946 4 1 5 1
6009551 0 1 10 1
6010224 5 1 6 0
6010491 1 1 5 1
6010598 1 1 5 0
6011885 1 1 5 1
6012157 0 1 7 0
6012204 1 1 5 0
6013374 1 1 5 1
6013393 4 1 5 0
6014132 5 1 6 1
6014893 1 1 5 0
6015299 1 1 5 1
6015802 1 1 5 0
6016948 0 1 10 0
6018001 4 1 5 1
6020368 0 1 10 1
6021910 4 1 5 0
6022227 5 1 6 0
6025540 4 1 5 1
6026139 5 1 6 1
6029306 0 1 10 0
6029381 1 1 5 1
6029959 1 1 5 0
6030140 4 1 5 0
6030536 1 1 5 1
6032049 1 1 5 0
6033063 0 1 10 1
6034167 4 1 5 1
6034680 5 1 6 0
6037953 5 1 6 1
6038310 4 1 5 0
6042176 0 1 10 0
6043083 4 1 5 1
6044604 5 1 6 0
6045488 0 1 10 1
6047504 5 1 6 1
6048076 4 1 5 0
6049111 1 1 5 1
6051849 1 1 5 0
6052251 0 1 10 0
6052734 4 1 5 1
6054778 0 1 10 1
6055859 5 1 6 0
6057540 4 1 5 0
6060103 5 1 6 1
6063162 4 1 5 1
6065121 0 1 10 0
6067901 0 1 10 1
6068277 4 1 5 0
6068727 5 1 6 0
6072696 5 1 6 1
6072913 1 1 5 1
6073287 1 1 5 0
6073652 4 1 5 1
6073782 1 1 5 1
6074409 1 1 5 0
6074715 1 1 5 1
6075357 1 1 5 0
6077001 0 1 10 0
6078704 4 1 5 0
6080036 0 1 10 1
6081071 5 1 6 0
6083833 4 1 5 1
6084860 5 1 6 1
6087960 1 1 5 1
6088285 4 1 5 0
6088323 1 1 5 0
6088572 1 1 5 1
6088698 1 1 5 0
6088824 1 1 5 1
6090367 1 1 5 0
6090445 0 1 10 0
6091420 5 1 6 0
6092794 4 1 5 1
6093738 0 1 10 1
6094558 5 1 6 1
6096717 4 1 5 0
6100546 5 1 6 0
6101724 4 1 5 1
6102562 1 1 5 1
6103677 1 1 5 0
6104125 0 1 10 0
6104593 5 1 6 1
6106479 4 1 5 0
6107504 0 1 10 1
6111714 5 1 6 0
6112482 4 1 5 1
6115056 0 1 10 0
6115102 5 1 6 1
6116452 1 1 5 1
6116892 4 1 5 0
6117794 1 1 5 0
6117984 0 1 10 1
6118413 1 1 5 1
6118696 1 1 5 0
6121956 5 1 6 0
6122161 4 1 5 1
6125911 4 1 5 0
6126118 5 1 6 1
6128976 0 1 10 0
6130297 4 1 5 1
6132254 0 1 10 1
6133633 5 1 6 0
6134942 4 1 5 0
6137545 5 1 6 1
6140826 4 1 5 1
6141846 0 1 10 0
6141931 5 1 6 0
6144877 0 1 10 1
6145019 5 1 6 1
6145692 4 1 5 0
6150980 4 1 5 1
6152214 5 1 6 0
6153184 0 1 10 0
6155650 4 1 5 0
6156380 5 1 6 1
6156588 0 1 10 1
6159327 4 1 5 1
6159595 4 1 5 0
6160128 4 1 5 1
6163396 5 1 6 0
6164064 4 1 5 0
6165619 0 1 10 0
6166542 5 1 6 1
6166797 5 1 6 0
6167058 5 1 6 1
6167948 4 1 5 1
6169100 0 1 10 1
6171781 5 1 6 0
6173358 4 1 5 0
6174554 5 1 6 1
6178358 4 1 5 1
6179279 0 1 10 0
6179895 5 1 6 0
6182556 0 1 10 1
6183451 4 1 5 0
6183930 5 1 6 1
6188593 4 1 5 1
6189980 5 1 6 0
6191984 0 1 10 0
6192457 4 1 5 0
6193507 5 1 6 1
6194954 0 1 10 1
6197313 4 1 5 1
6197806 5 1 6 0
6201273 5 1 6 1
6201548 4 1 5 0
6203226 0 1 10 0
6206395 0 1 10 1
6206476 4 1 5 1
6207531 5 1 6 0
6210021 4 1 5 0
6212458 5 1 6 1
6215366 4 1 5 1
6216527 0 1 10 0
6218612 5 1 6 0
6219818 0 1 10 1
6220194 4 1 5 0
6223036 5 1 6 1
6227160 5 1 6 0
6227163 4 1 5 1
6229569 0 1 10 0
6230556 5 1 6 1
6231517 4 1 5 0
6232576 0 1 10 1
6235562 5 1 6 0
6236396 4 1 5 1
6239720 5 1 6 1
6240508 4 1 5 0
6244178 0 1 10 0
6244398 5 1 6 0
6245406 4 1 5 1
6247336 0 1 10 1
6247786 5 1 6 1
6248233 4 1 5 0
6253625 4 1 5 1
6254428 5 1 6 0
6256004 0 1 10 0
6258140 4 1 5 0
6258773 0 1 10 1
6259860 5 1 6 1
6262671 4 1 5 1
6262996 4 1 5 0
6264729 4 1 5 1
6266663 5 1 6 0
6268874 0 1 10 0
6270021 4 1 5 0
6270936 5 1 6 1
6271893 0 1 10 1
6277093 5 1 6 0
6277199 4 1 5 1
6280575 4 1 5 0
6281032 0 1 10 0
6281444 5 1 6 1
6284020 0 1 10 1
6286810 5 1 6 0
6288888 4 1 5 1
6289143 4 1 5 0
6289198 5 1 6 1
6289495 4 1 5 1
6292154 4 1 5 0
6292332 0 1 10 0
6295760 0 1 10 1
6296701 5 1 6 0
6300494 5 1 6 1
6302761 4 1 5 1
6302926 4 1 5 0
6304206 0 1 10 0
6304578 4 1 5 1
6304926 4 1 5 0
6307118 5 1 6 0
6307769 0 1 10 1
6308394 4 1 5 1
6308520 4 1 5 0
6308788 4 1 5 1
6311419 5 1 6 1
6312525 4 1 5 0
6315683 0 1 10 0
6319293 0 1 10 1
6321100 5 1 6 0
6324620 4 1 5 1
6325143 5 1 6 1
6326760 0 1 10 0
6327779 4 1 5 0
6329537 0 1 10 1
6333461 5 1 6 0
6336750 5 1 6 1
6337410 0 1 10 0
6338348 4 1 5 1
6339253 4 1 5 0
6339576 4 1 5 1
6340384 0 1 10 1
6341109 4 1 5 0
6342008 5 1 6 0
6345793 5 1 6 1
6346615 0 1 10 0
6349844 0 1 10 1
6349953 4 1 5 1
6350326 4 1 5 0
6351195 4 1 5 1
6353738 5 1 6 0
6354476 4 1 5 0
6357269 5 1 6 1
6360458 0 1 10 0
6363363 0 1 10 1
6363367 5 1 6 0
6365558 4 1 5 1
6367914 5 1 6 1
6369208 4 1 5 0
6372339 0 1 10 0
6376314 4 1 5 1
6376377 0 1 10 1
6377153 5 1 6 0
6380716 4 1 5 0
6382069 5 1 6 1
6385441 0 1 10 0
6387607 4 1 5 1
6388937 5 1 6 0
6389906 0 1 10 1
6392206 5 1 6 1
6392473 4 1 5 0
6398854 0 1 10 0
6399554 5 1 6 0
6399700 4 1 5 1
6402540 0 1 10 1
6404358 4 1 5 0
6404712 5 1 6 1
6410136 0 1 10 0
6411452 4 1 5 1
6413588 5 1 6 0
6414346 0 1 10 1
6416533 4 1 5 0
6417996 5 1 6 1
6423029 0 1 10 0
6423373 4 1 5 1
6425239 5 1 6 0
6425798 0 1 10 1
6428608 4 1 5 0
6428865 5 1 6 1
6433489 0 1 10 0
6434968 4 1 5 1
6435906 5 1 6 0
6436645 0 1 10 1
6440052 5 1 6 1
6440884 4 1 5 0
6442387 0 1 10 0
6445308 0 1 10 1
6447978 4 1 5 1
6448805 5 1 6 0
6452409 4 1 5 0
6453138 5 1 6 1
6454686 0 1 10 0
6457614 4 1 5 1
6457975 0 1 10 1
6458945 5 1 6 0
6461600 5 1 6 1
6462060 4 1 5 0
6466075 0 1 10 0
6467293 4 1 5 1
6467654 5 1 6 0
6469507 0 1 10 1
6469639 0 1 10 0
6469765 0 1 10 1
6471729 5 1 6 1
6471756 4 1 5 0
6477100 4 1 5 1
6478353 5 1 6 0
6478550 0 1 10 0
6480917 4 1 5 0
6481650 5 1 6 1
6481848 5 1 6 0
6482162 5 1 6 1
6483153 0 1 10 1
6487349 4 1 5 1
6489060 5 1 6 0
6491425 4 1 5 0
6493686 5 1 6 1
6493791 0 1 10 0
6495539 4 1 5 1
6497608 0 1 10 1
6499865 4 1 5 0
6500938 5 1 6 0
6504497 5 1 6 1
6504812 0 1 10 0
6507137 4 1 5 1
6508667 0 1 10 1
6510234 5 1 6 0
6511813 4 1 5 0
6514174 5 1 6 1
6515571 0 1 10 0
6517096 4 1 5 1
6517222 4 1 5 0
6517610 4 1 5 1
6518995 0 1 10 1
6520455 5 1 6 0
6521705 4 1 5 0
6524064 5 1 6 1
6526184 4 1 5 1
6528441 0 1 10 0
6528726 5 1 6 0
6530184 4 1 5 0
6531896 5 1 6 1
6532183 0 1 10 1
6535163 4 1 5 1
6537856 5 1 6 0
6537892 0 1 10 0
6539149 4 1 5 0
6540664 0 1 10 1
6541804 5 1 6 1
6544676 4 1 5 1
6547570 5 1 6 0
6548276 0 1 10 0
6549429 4 1 5 0
6551268 5 1 6 1
6551700 0 1 10 1
6555523 4 1 5 1
6557435 5 1 6 0
6559131 0 1 10 0
6559846 4 1 5 0
6560859 5 1 6 1
6562466 0 1 10 1
6565194 4 1 5 1
6565792 5 1 6 0
6569479 4 1 5 0
6569855 5 1 6 1
6571597 0 1 10 0
6574949 5 1 6 0
6575370 0 1 10 1
6576068 4 1 5 1
6577764 5 1 6 1
6581512 4 1 5 0
6583611 5 1 6 0
6585393 0 1 10 0
6587146 5 1 6 1
6587538 4 1 5 1
6589353 0 1 10 1
6590796 4 1 5 0
6591835 5 1 6 0
6595251 5 1 6 1
6596212 4 1 5 1
6597743 0 1 10 0
6600377 4 1 5 0
6601372 5 1 6 0
6601483 0 1 10 1
6604614 4 1 5 1
6605427 5 1 6 1
6608490 4 1 5 0
6608631 0 1 10 0
6609390 5 1 6 0
6611932 0 1 10 1
6613671 5 1 6 1
6614861 4 1 5 1
6618787 4 1 5 0
6619763 5 1 6 0
6621570 0 1 10 0
6623544 5 1 6 1
6623676 4 1 5 1
6625581 0 1 10 1
6625584 0 1 10 0
6625833 0 1 10 1
6627506 4 1 5 0
6630308 5 1 6 0
6633434 0 1 10 0
6633458 5 1 6 1
6633600 4 1 5 1
6636600 0 1 10 1
6637881 4 1 5 0
6638646 5 1 6 0
6641870 5 1 6 1
6642786 0 1 10 0
6643848 4 1 5 1
6645973 0 1 10 1
6648703 4 1 5 0
6649729 5 1 6 0
6653375 5 1 6 1
6653455 0 1 10 0
6653928 4 1 5 1
6657822 4 1 5 0
6658122 0 1 10 1
6660165 5 1 6 0
6662402 0 1 10 0
6663696 5 1 6 1
6664285 4 1 5 1
6665067 0 1 10 1
6668430 0 1 10 0
6669036 4 1 5 0
6671929 5 1 6 0
6673019 4 1 5 1
6674046 0 1 10 1
6675571 5 1 6 1
6676603 4 1 5 0
6678825 0 1 10 0
6681691 5 1 6 0
6681905 4 1 5 1
6684270 0 1 10 1
6684972 5 1 6 1
6685828 4 1 5 0
6687036 0 1 10 0
6690930 4 1 5 1
6691465 0 1 10 1
6694255 5 1 6 0
6694910 4 1 5 0
6695269 0 1 10 0
6698802 5 1 6 1
6701733 4 1 5 1
6701755 0 1 10 1
6706468 5 1 6 0
6706558 0 1 10 0
6706876 4 1 5 0
6709626 5 1 6 1
6711489 4 1 5 1
6713270 0 1 10 1
6714535 4 1 5 0
6715820 5 1 6 0
6717488 0 1 10 0
6719645 5 1 6 1
6721620 4 1 5 1
6721746 4 1 5 0
6721929 0 1 10 1
6722008 4 1 5 1
6722085 0 1 10 0
6722368 0 1 10 1
6722621 0 1 10 0
6722850 0 1 10 1
6725451 0 1 10 0
6726430 4 1 5 0
6728251 5 1 6 0
6730571 0 1 10 1
6731421 4 1 5 1
6732219 5 1 6 1
6734407 0 1 10 0
6735042 4 1 5 0
6738903 5 1 6 0
6740574 0 1 10 1
6741432 4 1 5 1
6742569 5 1 6 1
6745355 0 1 10 0
6746461 4 1 5 0
6749238 5 1 6 0
6751916 4 1 5 1
6752411 0 1 10 1
6753082 5 1 6 1
6754443 4 1 5 0
6758025 0 1 10 0
6759117 5 1 6 0
6761936 0 1 10 1
6762571 5 1 6 1
6765963 4 1 5 1
6766176 0 1 10 0
6766791 4 1 5 0
6769280 5 1 6 0
6770049 0 1 10 1
6772561 5 1 6 1
6775052 0 1 10 0
6777264 5 1 6 0
6779556 0 1 10 1
6780431 5 1 6 1
6783961 0 1 10 0
6788875 0 1 10 1
6788922 5 1 6 0
6792842 5 1 6 1
6792870 0 1 10 0
6796811 0 1 10 1
6800580 0 1 10 0
6801613 5 1 6 0
6804865 5 1 6 1
6804959 0 1 10 1
6810727 0 1 10 0
6811265 5 1 6 0
6814709 5 1 6 1
6815808 0 1 10 1
6820047 0 1 10 0
6823616 5 1 6 0
6824528 0 1 10 1
6827540 5 1 6 1
6829326 0 1 10 0
6833573 0 1 10 1
6835728 5 1 6 0
6837751 0 1 10 0
6839037 5 1 6 1
6842518 0 1 10 1
6845407 5 1 6 0
6846876 0 1 10 0
6849050 5 1 6 1
6851085 0 1 10 1
6854640 0 1 10 0
6856891 5 1 6 0
6860475 5 1 6 1
6868078 5 1 6 0
6871851 5 1 6 1
6878593 5 1 6 0
6882096 5 1 6 1
6890457 5 1 6 0
6893698 5 1 6 1
6899952 5 1 6 0
6903205 5 1 6 1
6910184 5 1 6 0
6913437 5 1 6 1
6919639 5 1 6 0
6923350 5 1 6 1
6933060 5 1 6 0
6937343 5 1 6 1
6944270 5 1 6 0
6947773 5 1 6 1
6954617 5 1 6 0
6958501 5 1 6 1
6965937 5 1 6 0
6969690 5 1 6 1
6976111 5 1 6 0
6979493 5 1 6 1
6986395 5 1 6 0
6990185 5 1 6 1
6996117 5 1 6 0
6999534 5 1 6 1
7005914 5 1 6 0
7009998 5 1 6 1
7015323 5 1 6 0
7019075 5 1 6 1
7023496 5 1 6 0
7026728 5 1 6 1
7034648 5 1 6 0
7038535 5 1 6 1
7048645 5 1 6 0
7053666 5 1 6 1
7059456 5 1 6 0
7063282 5 1 6 1
7071067 5 1 6 0
7074873 5 1 6 1
7083234 5 1 6 0
