time: 2000000000
0 1 1
0 2 1
0 3 1
0 4 1
0 5 1
0 6 1
0 7 1
0 8 1
0 9 1
0 10 1
0 11 1
0 12 1
1 1 1
1 2 1
1 3 1
1 4 1
1 5 1
1 6 1
1 7 1
1 8 1
1 9 1
1 10 1
1 11 1
1 12 1
2 1 1
2 2 1
2 3 1
2 4 1
2 5 1
2 6 1
2 7 1
2 8 1
2 9 1
2 10 1
2 11 1
2 12 1
3 1 1
3 2 1
3 3 1
3 4 1
3 5 1
3 6 1
3 7 1
3 8 1
3 9 1
3 10 1
3 11 1
3 12 1
4 1 1
4 2 1
4 3 1
4 4 1
4 5 1
4 6 1
4 7 1
4 8 1
4 9 1
4 10 1
4 11 1
4 12 1
5 1 1
5 2 1
5 3 1
5 4 1
5 5 1
5 6 1
5 7 1
5 8 1
5 9 1
5 10 1
5 11 1
5 12 1
6 1 1
6 2 1
6 3 1
6 4 1
6 5 1
6 6 1
6 7 1
6 8 1
6 9 1
6 10 1
6 11 1
6 12 1
7 1 1
7 2 1
7 3 1
7 4 1
7 5 1
7 6 1
7 7 1
7 8 1
7 9 1
7 10 1
7 11 1
7 12 1
8 1 1
8 2 1
8 3 1
8 4 1
8 5 1
8 6 1
8 7 1
8 8 1
8 9 1
8 10 1
8 11 1
8 12 1
8 13 1
8 14 1
8 15 1
8 16 1
8 17 1
8 18 1
8 19 1
8 20 1
8 21 1
8 22 1
8 23 1
8 24 1
8 25 1
8 26 1
8 27 1
8 28 1
8 29 1
8 30 1
8 31 1
8 32 1
8 33 1
8 34 1
8 35 1
8 36 1
8 37 1
8 38 1
8 39 1
8 40 1
9 1 1
9 2 1
9 3 1
9 4 1
9 5 1
9 6 1
9 7 1
9 8 1
9 9 1
9 10 1
9 11 1
9 12 1
9 13 1
9 14 1
9 15 1
9 16 1
9 17 1
9 18 1
9 19 1
9 20 1
9 21 1
9 22 1
9 23 1
9 24 1
9 25 1
9 26 1
9 27 1
9 28 1
9 29 1
9 30 1
9 31 1
9 32 1
9 33 1
9 34 1
9 35 1
9 36 1
9 37 1
9 38 1
9 39 1
9 40 1
10 1 1
10 2 1
10 3 1
10 4 1
10 5 1
10 6 1
10 7 1
10 8 1
10 9 1
10 10 1
10 11 1
10 12 1
10 13 1
10 14 1
10 15 1
10 16 1
10 17 1
10 18 1
10 19 1
10 20 1
10 21 1
10 22 1
10 23 1
10 24 1
10 25 1
10 26 1
10 27 1
10 28 1
10 29 1
10 30 1
10 31 1
10 32 1
10 33 1
10 34 1
10 35 1
10 36 1
10 37 1
10 38 1
10 39 1
10 40 1
11 1 1
11 2 1
11 3 1
11 4 1
11 5 1
11 6 1
11 7 1
11 8 1
11 9 1
11 10 1
11 11 1
11 12 1
11 13 1
11 14 1
11 15 1
11 16 1
11 17 1
11 18 1
11 19 1
11 20 1
11 21 1
11 22 1
11 23 1
11 24 1
11 25 1
11 26 1
11 27 1
11 28 1
11 29 1
11 30 1
11 31 1
11 32 1
11 33 1
11 34 1
11 35 1
11 36 1
11 37 1
11 38 1
11 39 1
11 40 1
12 1 1
12 2 1
12 3 1
12 4 1
12 5 1
12 6 1
12 7 1
12 8 1
12 9 1
12 10 1
12 11 1
12 12 1
12 13 1
12 14 1
12 15 1
12 16 1
12 17 1
12 18 1
12 19 1
12 20 1
12 21 1
12 22 1
12 23 1
12 24 1
12 25 1
12 26 1
12 27 1
12 28 1
12 29 1
12 30 1
12 31 1
12 32 1
12 33 1
12 34 1
12 35 1
12 36 1
12 37 1
12 38 1
12 39 1
12 40 1
13 1 1
13 2 1
13 3 1
13 4 1
13 5 1
13 6 1
13 7 1
13 8 1
13 9 1
13 10 1
13 11 1
13 12 1
13 13 1
13 14 1
13 15 1
13 16 1
13 17 1
13 18 1
13 19 1
13 20 1
13 21 1
13 22 1
13 23 1
13 24 1
13 25 1
13 26 1
13 27 1
13 28 1
13 29 1
13 30 1
13 31 1
13 32 1
13 33 1
13 34 1
13 35 1
13 36 1
13 37 1
13 38 1
13 39 1
13 40 1
14 1 1
14 2 1
14 3 1
14 4 1
14 5 1
14 6 1
14 7 1
14 8 1
14 9 1
14 10 1
14 11 1
14 12 1
14 13 1
14 14 1
14 15 1
14 16 1
14 17 1
14 18 1
14 19 1
14 20 1
14 21 1
14 22 1
14 23 1
14 24 1
14 25 1
14 26 1
14 27 1
14 28 1
14 29 1
14 30 1
14 31 1
14 32 1
14 33 1
14 34 1
14 35 1
14 36 1
14 37 1
14 38 1
14 39 1
14 40 1
15 1 1
15 2 1
15 3 1
15 4 1
15 5 1
15 6 1
15 7 1
15 8 1
15 9 1
15 10 1
15 11 1
15 12 1
15 13 1
15 14 1
15 15 1
15 16 1
15 17 1
15 18 1
15 19 1
15 20 1
15 21 1
15 22 1
15 23 1
15 24 1
15 25 1
15 26 1
15 27 1
15 28 1
15 29 1
15 30 1
15 31 1
15 32 1
15 33 1
15 34 1
15 35 1
15 36 1
15 37 1
15 38 1
15 39 1
15 40 1
16 1 1
16 2 1
16 3 1
16 4 1
16 5 1
16 6 1
16 7 1
16 8 1
16 9 1
16 10 1
16 11 1
16 12 1
16 13 1
16 14 1
16 15 1
16 16 1
16 17 1
16 18 1
16 19 1
16 20 1
16 21 1
16 22 1
16 23 1
16 24 1
16 25 1
16 26 1
16 27 1
16 28 1
16 29 1
16 30 1
16 31 1
16 32 1
16 33 1
16 34 1
16 35 1
16 36 1
16 37 1
16 38 1
16 39 1
16 40 1
17 1 1
17 2 1
17 3 1
17 4 1
17 5 1
17 6 1
17 7 1
17 8 1
17 9 1
17 10 1
17 11 1
17 12 1
17 13 1
17 14 1
17 15 1
17 16 1
17 17 1
17 18 1
17 19 1
17 20 1
17 21 1
17 22 1
17 23 1
17 24 1
17 25 1
17 26 1
17 27 1
17 28 1
17 29 1
17 30 1
17 31 1
17 32 1
17 33 1
17 34 1
17 35 1
17 36 1
17 37 1
17 38 1
17 39 1
17 40 1
18 1 1
18 2 1
18 3 1
18 4 1
18 5 1
18 6 1
18 7 1
18 8 1
18 9 1
18 10 1
18 11 1
18 12 1
18 13 1
18 14 1
18 15 1
18 16 1
18 17 1
18 18 1
18 19 1
18 20 1
18 21 1
18 22 1
18 23 1
18 24 1
18 25 1
18 26 1
18 27 1
18 28 1
18 29 1
18 30 1
18 31 1
18 32 1
18 33 1
18 34 1
18 35 1
18 36 1
18 37 1
18 38 1
18 39 1
18 40 1
19 1 1
19 2 1
19 3 1
19 4 1
19 5 1
19 6 1
19 7 1
19 8 1
19 9 1
19 10 1
19 11 1
19 12 1
19 13 1
19 14 1
19 15 1
19 16 1
19 17 1
19 18 1
19 19 1
19 20 1
19 21 1
19 22 1
19 23 1
19 24 1
19 25 1
19 26 1
19 27 1
19 28 1
19 29 1
19 30 1
19 31 1
19 32 1
19 33 1
19 34 1
19 35 1
19 36 1
19 37 1
19 38 1
19 39 1
19 40 1
time: 2100000000
0 1 1000001
0 2 1000001
0 3 1000001
0 4 1000001
0 5 1000001
0 6 1000001
0 7 1000001
0 8 1000001
0 9 1000001
0 10 1000001
0 11 1000001
0 12 1000001
1 1 1000001
1 2 1000001
1 3 1000001
1 4 1000001
1 5 1000001
1 6 1000001
1 7 1000001
1 8 1000001
1 9 1000001
1 10 1000001
1 11 1000001
1 12 1000001
2 1 1000001
2 2 1000001
2 3 1000001
2 4 1000001
2 5 1000001
2 6 1000001
2 7 1000001
2 8 1000001
2 9 1000001
2 10 1000001
2 11 1000001
2 12 1000001
3 1 1000001
3 2 1000001
3 3 1000001
3 4 1000001
3 5 1000001
3 6 1000001
3 7 1000001
3 8 1000001
3 9 1000001
3 10 1000001
3 11 1000001
3 12 1000001
4 1 1000001
4 2 1000001
4 3 1000001
4 4 1000001
4 5 1000001
4 6 1000001
4 7 1000001
4 8 1000001
4 9 1000001
4 10 1000001
4 11 1000001
4 12 1000001
5 1 1000001
5 2 1000001
5 3 1000001
5 4 1000001
5 5 1000001
5 6 1000001
5 7 1000001
5 8 1000001
5 9 1000001
5 10 1000001
5 11 1000001
5 12 1000001
6 1 1000001
6 2 1000001
6 3 1000001
6 4 1000001
6 5 1000001
6 6 1000001
6 7 1000001
6 8 1000001
6 9 1000001
6 10 1000001
6 11 1000001
6 12 1000001
7 1 1000001
7 2 1000001
7 3 1000001
7 4 1000001
7 5 1000001
7 6 1000001
7 7 1000001
7 8 1000001
7 9 1000001
7 10 1000001
7 11 1000001
7 12 1000001
8 1 1000001
8 2 1000001
8 3 1000001
8 4 1000001
8 5 1000001
8 6 1000001
8 7 1000001
8 8 1000001
8 9 1000001
8 10 1000001
8 11 1000001
8 12 1000001
8 13 1000001
8 14 1000001
8 15 1000001
8 16 1000001
8 17 1000001
8 18 1000001
8 19 1000001
8 20 1000001
8 21 1000001
8 22 1000001
8 23 1000001
8 24 1000001
8 25 1000001
8 26 1000001
8 27 1000001
8 28 1000001
8 29 1000001
8 30 1000001
8 31 1000001
8 32 1000001
8 33 1000001
8 34 1000001
8 35 1000001
8 36 1000001
8 37 1000001
8 38 1000001
8 39 1000001
8 40 1000001
9 1 1000001
9 2 1000001
9 3 1000001
9 4 1000001
9 5 1000001
9 6 1000001
9 7 1000001
9 8 1000001
9 9 1000001
9 10 1000001
9 11 1000001
9 12 1000001
9 13 1000001
9 14 1000001
9 15 1000001
9 16 1000001
9 17 1000001
9 18 1000001
9 19 1000001
9 20 1000001
9 21 1000001
9 22 1000001
9 23 1000001
9 24 1000001
9 25 1000001
9 26 1000001
9 27 1000001
9 28 1000001
9 29 1000001
9 30 1000001
9 31 1000001
9 32 1000001
9 33 1000001
9 34 1000001
9 35 1000001
9 36 1000001
9 37 1000001
9 38 1000001
9 39 1000001
9 40 1000001
10 1 1000001
10 2 1000001
10 3 1000001
10 4 1000001
10 5 1000001
10 6 1000001
10 7 1000001
10 8 1000001
10 9 1000001
10 10 1000001
10 11 1000001
10 12 1000001
10 13 1000001
10 14 1000001
10 15 1000001
10 16 1000001
10 17 1000001
10 18 1000001
10 19 1000001
10 20 1000001
10 21 1000001
10 22 1000001
10 23 1000001
10 24 1000001
10 25 1000001
10 26 1000001
10 27 1000001
10 28 1000001
10 29 1000001
10 30 1000001
10 31 1000001
10 32 1000001
10 33 1000001
10 34 1000001
10 35 1000001
10 36 1000001
10 37 1000001
10 38 1000001
10 39 1000001
10 40 1000001
11 1 1000001
11 2 1000001
11 3 1000001
11 4 1000001
11 5 1000001
11 6 1000001
11 7 1000001
11 8 1000001
11 9 1000001
11 10 1000001
11 11 1000001
11 12 1000001
11 13 1000001
11 14 1000001
11 15 1000001
11 16 1000001
11 17 1000001
11 18 1000001
11 19 1000001
11 20 1000001
11 21 1000001
11 22 1000001
11 23 1000001
11 24 1000001
11 25 1000001
11 26 1000001
11 27 1000001
11 28 1000001
11 29 1000001
11 30 1000001
11 31 1000001
11 32 1000001
11 33 1000001
11 34 1000001
11 35 1000001
11 36 1000001
11 37 1000001
11 38 1000001
11 39 1000001
11 40 1000001
12 1 1000001
12 2 1000001
12 3 1000001
12 4 1000001
12 5 1000001
12 6 1000001
12 7 1000001
12 8 1000001
12 9 1000001
12 10 1000001
12 11 1000001
12 12 1000001
12 13 1000001
12 14 1000001
12 15 1000001
12 16 1000001
12 17 1000001
12 18 1000001
12 19 1000001
12 20 1000001
12 21 1000001
12 22 1000001
12 23 1000001
12 24 1000001
12 25 1000001
12 26 1000001
12 27 1000001
12 28 1000001
12 29 1000001
12 30 1000001
12 31 1000001
12 32 1000001
12 33 1000001
12 34 1000001
12 35 1000001
12 36 1000001
12 37 1000001
12 38 1000001
12 39 1000001
12 40 1000001
13 1 1000001
13 2 1000001
13 3 1000001
13 4 1000001
13 5 1000001
13 6 1000001
13 7 1000001
13 8 1000001
13 9 1000001
13 10 1000001
13 11 1000001
13 12 1000001
13 13 1000001
13 14 1000001
13 15 1000001
13 16 1000001
13 17 1000001
13 18 1000001
13 19 1000001
13 20 1000001
13 21 1000001
13 22 1000001
13 23 1000001
13 24 1000001
13 25 1000001
13 26 1000001
13 27 1000001
13 28 1000001
13 29 1000001
13 30 1000001
13 31 1000001
13 32 1000001
13 33 1000001
13 34 1000001
13 35 1000001
13 36 1000001
13 37 1000001
13 38 1000001
13 39 1000001
13 40 1000001
14 1 1000001
14 2 1000001
14 3 1000001
14 4 1000001
14 5 1000001
14 6 1000001
14 7 1000001
14 8 1000001
14 9 1000001
14 10 1000001
14 11 1000001
14 12 1000001
14 13 1000001
14 14 1000001
14 15 1000001
14 16 1000001
14 17 1000001
14 18 1000001
14 19 1000001
14 20 1000001
14 21 1000001
14 22 1000001
14 23 1000001
14 24 1000001
14 25 1000001
14 26 1000001
14 27 1000001
14 28 1000001
14 29 1000001
14 30 1000001
14 31 1000001
14 32 1000001
14 33 1000001
14 34 1000001
14 35 1000001
14 36 1000001
14 37 1000001
14 38 1000001
14 39 1000001
14 40 1000001
15 1 1000001
15 2 1000001
15 3 1000001
15 4 1000001
15 5 1000001
15 6 1000001
15 7 1000001
15 8 1000001
15 9 1000001
15 10 1000001
15 11 1000001
15 12 1000001
15 13 1000001
15 14 1000001
15 15 1000001
15 16 1000001
15 17 1000001
15 18 1000001
15 19 1000001
15 20 1000001
15 21 1000001
15 22 1000001
15 23 1000001
15 24 1000001
15 25 1000001
15 26 1000001
15 27 1000001
15 28 1000001
15 29 1000001
15 30 1000001
15 31 1000001
15 32 1000001
15 33 1000001
15 34 1000001
15 35 1000001
15 36 1000001
15 37 1000001
15 38 1000001
15 39 1000001
15 40 1000001
16 1 1000001
16 2 1000001
16 3 1000001
16 4 1000001
16 5 1000001
16 6 1000001
16 7 1000001
16 8 1000001
16 9 1000001
16 10 1000001
16 11 1000001
16 12 1000001
16 13 1000001
16 14 1000001
16 15 1000001
16 16 1000001
16 17 1000001
16 18 1000001
16 19 1000001
16 20 1000001
16 21 1000001
16 22 1000001
16 23 1000001
16 24 1000001
16 25 1000001
16 26 1000001
16 27 1000001
16 28 1000001
16 29 1000001
16 30 1000001
16 31 1000001
16 32 1000001
16 33 1000001
16 34 1000001
16 35 1000001
16 36 1000001
16 37 1000001
16 38 1000001
16 39 1000001
16 40 1000001
17 1 1000001
17 2 1000001
17 3 1000001
17 4 1000001
17 5 1000001
17 6 1000001
17 7 1000001
17 8 1000001
17 9 1000001
17 10 1000001
17 11 1000001
17 12 1000001
17 13 1000001
17 14 1000001
17 15 1000001
17 16 1000001
17 17 1000001
17 18 1000001
17 19 1000001
17 20 1000001
17 21 1000001
17 22 1000001
17 23 1000001
17 24 1000001
17 25 1000001
17 26 1000001
17 27 1000001
17 28 1000001
17 29 1000001
17 30 1000001
17 31 1000001
17 32 1000001
17 33 1000001
17 34 1000001
17 35 1000001
17 36 1000001
17 37 1000001
17 38 1000001
17 39 1000001
17 40 1000001
18 1 1000001
18 2 1000001
18 3 1000001
18 4 1000001
18 5 1000001
18 6 1000001
18 7 1000001
18 8 1000001
18 9 1000001
18 10 1000001
18 11 1000001
18 12 1000001
18 13 1000001
18 14 1000001
18 15 1000001
18 16 1000001
18 17 1000001
18 18 1000001
18 19 1000001
18 20 1000001
18 21 1000001
18 22 1000001
18 23 1000001
18 24 1000001
18 25 1000001
18 26 1000001
18 27 1000001
18 28 1000001
18 29 1000001
18 30 1000001
18 31 1000001
18 32 1000001
18 33 1000001
18 34 1000001
18 35 1000001
18 36 1000001
18 37 1000001
18 38 1000001
18 39 1000001
18 40 1000001
19 1 1000001
19 2 1000001
19 3 1000001
19 4 1000001
19 5 1000001
19 6 1000001
19 7 1000001
19 8 1000001
19 9 1000001
19 10 1000001
19 11 1000001
19 12 1000001
19 13 1000001
19 14 1000001
19 15 1000001
19 16 1000001
19 17 1000001
19 18 1000001
19 19 1000001
19 20 1000001
19 21 1000001
19 22 1000001
19 23 1000001
19 24 1000001
19 25 1000001
19 26 1000001
19 27 1000001
19 28 1000001
19 29 1000001
19 30 1000001
19 31 1000001
19 32 1000001
19 33 1000001
19 34 1000001
19 35 1000001
19 36 1000001
19 37 1000001
19 38 1000001
19 39 1000001
19 40 1000001
time: 2200000000
0 1 2000001
0 2 2000001
0 3 2000001
0 4 2000001
0 5 2000001
0 6 2000001
0 7 2000001
0 8 2000001
0 9 2000001
0 10 2000001
0 11 2000001
0 12 2000001
1 1 2000001
1 2 2000001
1 3 2000001
1 4 2000001
1 5 2000001
1 6 2000001
1 7 2000001
1 8 2000001
1 9 2000001
1 10 2000001
1 11 2000001
1 12 2000001
2 1 2000001
2 2 2000001
2 3 2000001
2 4 2000001
2 5 2000001
2 6 2000001
2 7 2000001
2 8 2000001
2 9 2000001
2 10 2000001
2 11 2000001
2 12 2000001
3 1 2000001
3 2 2000001
3 3 2000001
3 4 2000001
3 5 2000001
3 6 2000001
3 7 2000001
3 8 2000001
3 9 2000001
3 10 2000001
3 11 2000001
3 12 2000001
4 1 2000001
4 2 2000001
4 3 2000001
4 4 2000001
4 5 2000001
4 6 2000001
4 7 2000001
4 8 2000001
4 9 2000001
4 10 2000001
4 11 2000001
4 12 2000001
5 1 2000001
5 2 2000001
5 3 2000001
5 4 2000001
5 5 2000001
5 6 2000001
5 7 2000001
5 8 2000001
5 9 2000001
5 10 2000001
5 11 2000001
5 12 2000001
6 1 2000001
6 2 2000001
6 3 2000001
6 4 2000001
6 5 2000001
6 6 2000001
6 7 2000001
6 8 2000001
6 9 2000001
6 10 2000001
6 11 2000001
6 12 2000001
7 1 2000001
7 2 2000001
7 3 2000001
7 4 2000001
7 5 2000001
7 6 2000001
7 7 2000001
7 8 2000001
7 9 2000001
7 10 2000001
7 11 2000001
7 12 2000001
8 1 2000001
8 2 2000001
8 3 2000001
8 4 2000001
8 5 2000001
8 6 2000001
8 7 2000001
8 8 2000001
8 9 2000001
8 10 2000001
8 11 2000001
8 12 2000001
8 13 2000001
8 14 2000001
8 15 2000001
8 16 2000001
8 17 2000001
8 18 2000001
8 19 2000001
8 20 2000001
8 21 2000001
8 22 2000001
8 23 2000001
8 24 2000001
8 25 2000001
8 26 2000001
8 27 2000001
8 28 2000001
8 29 2000001
8 30 2000001
8 31 2000001
8 32 2000001
8 33 2000001
8 34 2000001
8 35 2000001
8 36 2000001
8 37 2000001
8 38 2000001
8 39 2000001
8 40 2000001
9 1 2000001
9 2 2000001
9 3 2000001
9 4 2000001
9 5 2000001
9 6 2000001
9 7 2000001
9 8 2000001
9 9 2000001
9 10 2000001
9 11 2000001
9 12 2000001
9 13 2000001
9 14 2000001
9 15 2000001
9 16 2000001
9 17 2000001
9 18 2000001
9 19 2000001
9 20 2000001
9 21 2000001
9 22 2000001
9 23 2000001
9 24 2000001
9 25 2000001
9 26 2000001
9 27 2000001
9 28 2000001
9 29 2000001
9 30 2000001
9 31 2000001
9 32 2000001
9 33 2000001
9 34 2000001
9 35 2000001
9 36 2000001
9 37 2000001
9 38 2000001
9 39 2000001
9 40 2000001
10 1 2000001
10 2 2000001
10 3 2000001
10 4 2000001
10 5 2000001
10 6 2000001
10 7 2000001
10 8 2000001
10 9 2000001
10 10 2000001
10 11 2000001
10 12 2000001
10 13 2000001
10 14 2000001
10 15 2000001
10 16 2000001
10 17 2000001
10 18 2000001
10 19 2000001
10 20 2000001
10 21 2000001
10 22 2000001
10 23 2000001
10 24 2000001
10 25 2000001
10 26 2000001
10 27 2000001
10 28 2000001
10 29 2000001
10 30 2000001
10 31 2000001
10 32 2000001
10 33 2000001
10 34 2000001
10 35 2000001
10 36 2000001
10 37 2000001
10 38 2000001
10 39 2000001
10 40 2000001
11 1 2000001
11 2 2000001
11 3 2000001
11 4 2000001
11 5 2000001
11 6 2000001
11 7 2000001
11 8 2000001
11 9 2000001
11 10 2000001
11 11 2000001
11 12 2000001
11 13 2000001
11 14 2000001
11 15 2000001
11 16 2000001
11 17 2000001
11 18 2000001
11 19 2000001
11 20 2000001
11 21 2000001
11 22 2000001
11 23 2000001
11 24 2000001
11 25 2000001
11 26 2000001
11 27 2000001
11 28 2000001
11 29 2000001
11 30 2000001
11 31 2000001
11 32 2000001
11 33 2000001
11 34 2000001
11 35 2000001
11 36 2000001
11 37 2000001
11 38 2000001
11 39 2000001
11 40 2000001
12 1 2000001
12 2 2000001
12 3 2000001
12 4 2000001
12 5 2000001
12 6 2000001
12 7 2000001
12 8 2000001
12 9 2000001
12 10 2000001
12 11 2000001
12 12 2000001
12 13 2000001
12 14 2000001
12 15 2000001
12 16 2000001
12 17 2000001
12 18 2000001
12 19 2000001
12 20 2000001
12 21 2000001
12 22 2000001
12 23 2000001
12 24 2000001
12 25 2000001
12 26 2000001
12 27 2000001
12 28 2000001
12 29 2000001
12 30 2000001
12 31 2000001
12 32 2000001
12 33 2000001
12 34 2000001
12 35 2000001
12 36 2000001
12 37 2000001
12 38 2000001
12 39 2000001
12 40 2000001
13 1 2000001
13 2 2000001
13 3 2000001
13 4 2000001
13 5 2000001
13 6 2000001
13 7 2000001
13 8 2000001
13 9 2000001
13 10 2000001
13 11 2000001
13 12 2000001
13 13 2000001
13 14 2000001
13 15 2000001
13 16 2000001
13 17 2000001
13 18 2000001
13 19 2000001
13 20 2000001
13 21 2000001
13 22 2000001
13 23 2000001
13 24 2000001
13 25 2000001
13 26 2000001
13 27 2000001
13 28 2000001
13 29 2000001
13 30 2000001
13 31 2000001
13 32 2000001
13 33 2000001
13 34 2000001
13 35 2000001
13 36 2000001
13 37 2000001
13 38 2000001
13 39 2000001
13 40 2000001
14 1 2000001
14 2 2000001
14 3 2000001
14 4 2000001
14 5 2000001
14 6 2000001
14 7 2000001
14 8 2000001
14 9 2000001
14 10 2000001
14 11 2000001
14 12 2000001
14 13 2000001
14 14 2000001
14 15 2000001
14 16 2000001
14 17 2000001
14 18 2000001
14 19 2000001
14 20 2000001
14 21 2000001
14 22 2000001
14 23 2000001
14 24 2000001
14 25 2000001
14 26 2000001
14 27 2000001
14 28 2000001
14 29 2000001
14 30 2000001
14 31 2000001
14 32 2000001
14 33 2000001
14 34 2000001
14 35 2000001
14 36 2000001
14 37 2000001
14 38 2000001
14 39 2000001
14 40 2000001
15 1 2000001
15 2 2000001
15 3 2000001
15 4 2000001
15 5 2000001
15 6 2000001
15 7 2000001
15 8 2000001
15 9 2000001
15 10 2000001
15 11 2000001
15 12 2000001
15 13 2000001
15 14 2000001
15 15 2000001
15 16 2000001
15 17 2000001
15 18 2000001
15 19 2000001
15 20 2000001
15 21 2000001
15 22 2000001
15 23 2000001
15 24 2000001
15 25 2000001
15 26 2000001
15 27 2000001
15 28 2000001
15 29 2000001
15 30 2000001
15 31 2000001
15 32 2000001
15 33 2000001
15 34 2000001
15 35 2000001
15 36 2000001
15 37 2000001
15 38 2000001
15 39 2000001
15 40 2000001
16 1 2000001
16 2 2000001
16 3 2000001
16 4 2000001
16 5 2000001
16 6 2000001
16 7 2000001
16 8 2000001
16 9 2000001
16 10 2000001
16 11 2000001
16 12 2000001
16 13 2000001
16 14 2000001
16 15 2000001
16 16 2000001
16 17 2000001
16 18 2000001
16 19 2000001
16 20 2000001
16 21 2000001
16 22 2000001
16 23 2000001
16 24 2000001
16 25 2000001
16 26 2000001
16 27 2000001
16 28 2000001
16 29 2000001
16 30 2000001
16 31 2000001
16 32 2000001
16 33 2000001
16 34 2000001
16 35 2000001
16 36 2000001
16 37 2000001
16 38 2000001
16 39 2000001
16 40 2000001
17 1 2000001
17 2 2000001
17 3 2000001
17 4 2000001
17 5 2000001
17 6 2000001
17 7 2000001
17 8 2000001
17 9 2000001
17 10 2000001
17 11 2000001
17 12 2000001
17 13 2000001
17 14 2000001
17 15 2000001
17 16 2000001
17 17 2000001
17 18 2000001
17 19 2000001
17 20 2000001
17 21 2000001
17 22 2000001
17 23 2000001
17 24 2000001
17 25 2000001
17 26 2000001
17 27 2000001
17 28 2000001
17 29 2000001
17 30 2000001
17 31 2000001
17 32 2000001
17 33 2000001
17 34 2000001
17 35 2000001
17 36 2000001
17 37 2000001
17 38 2000001
17 39 2000001
17 40 2000001
18 1 2000001
18 2 2000001
18 3 2000001
18 4 2000001
18 5 2000001
18 6 2000001
18 7 2000001
18 8 2000001
18 9 2000001
18 10 2000001
18 11 2000001
18 12 2000001
18 13 2000001
18 14 2000001
18 15 2000001
18 16 2000001
18 17 2000001
18 18 2000001
18 19 2000001
18 20 2000001
18 21 2000001
18 22 2000001
18 23 2000001
18 24 2000001
18 25 2000001
18 26 2000001
18 27 2000001
18 28 2000001
18 29 2000001
18 30 2000001
18 31 2000001
18 32 2000001
18 33 2000001
18 34 2000001
18 35 2000001
18 36 2000001
18 37 2000001
18 38 2000001
18 39 2000001
18 40 2000001
19 1 2000001
19 2 2000001
19 3 2000001
19 4 2000001
19 5 2000001
19 6 2000001
19 7 2000001
19 8 2000001
19 9 2000001
19 10 2000001
19 11 2000001
19 12 2000001
19 13 2000001
19 14 2000001
19 15 2000001
19 16 2000001
19 17 2000001
19 18 2000001
19 19 2000001
19 20 2000001
19 21 2000001
19 22 2000001
19 23 2000001
19 24 2000001
19 25 2000001
19 26 2000001
19 27 2000001
19 28 2000001
19 29 2000001
19 30 2000001
19 31 2000001
19 32 2000001
19 33 2000001
19 34 2000001
19 35 2000001
19 36 2000001
19 37 2000001
19 38 2000001
19 39 2000001
19 40 2000001
time: 2300000000
0 1 3000001
0 2 3000001
0 3 3000001
0 4 3000001
0 5 3000001
0 6 3000001
0 7 3000001
0 8 3000001
0 9 3000001
0 10 3000001
0 11 3000001
0 12 3000001
1 1 3000001
1 2 3000001
1 3 3000001
1 4 3000001
1 5 3000001
1 6 3000001
1 7 3000001
1 8 3000001
1 9 3000001
1 10 3000001
1 11 3000001
1 12 3000001
2 1 3000001
2 2 3000001
2 3 3000001
2 4 3000001
2 5 3000001
2 6 3000001
2 7 3000001
2 8 3000001
2 9 3000001
2 10 3000001
2 11 3000001
2 12 3000001
3 1 3000001
3 2 3000001
3 3 3000001
3 4 3000001
3 5 3000001
3 6 3000001
3 7 3000001
3 8 3000001
3 9 3000001
3 10 3000001
3 11 3000001
3 12 3000001
4 1 3000001
4 2 3000001
4 3 3000001
4 4 3000001
4 5 3000001
4 6 3000001
4 7 3000001
4 8 3000001
4 9 3000001
4 10 3000001
4 11 3000001
4 12 3000001
5 1 3000001
5 2 3000001
5 3 3000001
5 4 3000001
5 5 3000001
5 6 3000001
5 7 3000001
5 8 3000001
5 9 3000001
5 10 3000001
5 11 3000001
5 12 3000001
6 1 3000001
6 2 3000001
6 3 3000001
6 4 3000001
6 5 3000001
6 6 3000001
6 7 3000001
6 8 3000001
6 9 3000001
6 10 3000001
6 11 3000001
6 12 3000001
7 1 3000001
7 2 3000001
7 3 3000001
7 4 3000001
7 5 3000001
7 6 3000001
7 7 3000001
7 8 3000001
7 9 3000001
7 10 3000001
7 11 3000001
7 12 3000001
8 1 3000001
8 2 3000001
8 3 3000001
8 4 3000001
8 5 3000001
8 6 3000001
8 7 3000001
8 8 3000001
8 9 3000001
8 10 3000001
8 11 3000001
8 12 3000001
8 13 3000001
8 14 3000001
8 15 3000001
8 16 3000001
8 17 3000001
8 18 3000001
8 19 3000001
8 20 3000001
8 21 3000001
8 22 3000001
8 23 3000001
8 24 3000001
8 25 3000001
8 26 3000001
8 27 3000001
8 28 3000001
8 29 3000001
8 30 3000001
8 31 3000001
8 32 3000001
8 33 3000001
8 34 3000001
8 35 3000001
8 36 3000001
8 37 3000001
8 38 3000001
8 39 3000001
8 40 3000001
9 1 3000001
9 2 3000001
9 3 3000001
9 4 3000001
9 5 3000001
9 6 3000001
9 7 3000001
9 8 3000001
9 9 3000001
9 10 3000001
9 11 3000001
9 12 3000001
9 13 3000001
9 14 3000001
9 15 3000001
9 16 3000001
9 17 3000001
9 18 3000001
9 19 3000001
9 20 3000001
9 21 3000001
9 22 3000001
9 23 3000001
9 24 3000001
9 25 3000001
9 26 3000001
9 27 3000001
9 28 3000001
9 29 3000001
9 30 3000001
9 31 3000001
9 32 3000001
9 33 3000001
9 34 3000001
9 35 3000001
9 36 3000001
9 37 3000001
9 38 3000001
9 39 3000001
9 40 3000001
10 1 3000001
10 2 3000001
10 3 3000001
10 4 3000001
10 5 3000001
10 6 3000001
10 7 3000001
10 8 3000001
10 9 3000001
10 10 3000001
10 11 3000001
10 12 3000001
10 13 3000001
10 14 3000001
10 15 3000001
10 16 3000001
10 17 3000001
10 18 3000001
10 19 3000001
10 20 3000001
10 21 3000001
10 22 3000001
10 23 3000001
10 24 3000001
10 25 3000001
10 26 3000001
10 27 3000001
10 28 3000001
10 29 3000001
10 30 3000001
10 31 3000001
10 32 3000001
10 33 3000001
10 34 3000001
10 35 3000001
10 36 3000001
10 37 3000001
10 38 3000001
10 39 3000001
10 40 3000001
11 1 3000001
11 2 3000001
11 3 3000001
11 4 3000001
11 5 3000001
11 6 3000001
11 7 3000001
11 8 3000001
11 9 3000001
11 10 3000001
11 11 3000001
11 12 3000001
11 13 3000001
11 14 3000001
11 15 3000001
11 16 3000001
11 17 3000001
11 18 3000001
11 19 3000001
11 20 3000001
11 21 3000001
11 22 3000001
11 23 3000001
11 24 3000001
11 25 3000001
11 26 3000001
11 27 3000001
11 28 3000001
11 29 3000001
11 30 3000001
11 31 3000001
11 32 3000001
11 33 3000001
11 34 3000001
11 35 3000001
11 36 3000001
11 37 3000001
11 38 3000001
11 39 3000001
11 40 3000001
12 1 3000001
12 2 3000001
12 3 3000001
12 4 3000001
12 5 3000001
12 6 3000001
12 7 3000001
12 8 3000001
12 9 3000001
12 10 3000001
12 11 3000001
12 12 3000001
12 13 3000001
12 14 3000001
12 15 3000001
12 16 3000001
12 17 3000001
12 18 3000001
12 19 3000001
12 20 3000001
12 21 3000001
12 22 3000001
12 23 3000001
12 24 3000001
12 25 3000001
12 26 3000001
12 27 3000001
12 28 3000001
12 29 3000001
12 30 3000001
12 31 3000001
12 32 3000001
12 33 3000001
12 34 3000001
12 35 3000001
12 36 3000001
12 37 3000001
12 38 3000001
12 39 3000001
12 40 3000001
13 1 3000001
13 2 3000001
13 3 3000001
13 4 3000001
13 5 3000001
13 6 3000001
13 7 3000001
13 8 3000001
13 9 3000001
13 10 3000001
13 11 3000001
13 12 3000001
13 13 3000001
13 14 3000001
13 15 3000001
13 16 3000001
13 17 3000001
13 18 3000001
13 19 3000001
13 20 3000001
13 21 3000001
13 22 3000001
13 23 3000001
13 24 3000001
13 25 3000001
13 26 3000001
13 27 3000001
13 28 3000001
13 29 3000001
13 30 3000001
13 31 3000001
13 32 3000001
13 33 3000001
13 34 3000001
13 35 3000001
13 36 3000001
13 37 3000001
13 38 3000001
13 39 3000001
13 40 3000001
14 1 3000001
14 2 3000001
14 3 3000001
14 4 3000001
14 5 3000001
14 6 3000001
14 7 3000001
14 8 3000001
14 9 3000001
14 10 3000001
14 11 3000001
14 12 3000001
14 13 3000001
14 14 3000001
14 15 3000001
14 16 3000001
14 17 3000001
14 18 3000001
14 19 3000001
14 20 3000001
14 21 3000001
14 22 3000001
14 23 3000001
14 24 3000001
14 25 3000001
14 26 3000001
14 27 3000001
14 28 3000001
14 29 3000001
14 30 3000001
14 31 3000001
14 32 3000001
14 33 3000001
14 34 3000001
14 35 3000001
14 36 3000001
14 37 3000001
14 38 3000001
14 39 3000001
14 40 3000001
15 1 3000001
15 2 3000001
15 3 3000001
15 4 3000001
15 5 3000001
15 6 3000001
15 7 3000001
15 8 3000001
15 9 3000001
15 10 3000001
15 11 3000001
15 12 3000001
15 13 3000001
15 14 3000001
15 15 3000001
15 16 3000001
15 17 3000001
15 18 3000001
15 19 3000001
15 20 3000001
15 21 3000001
15 22 3000001
15 23 3000001
15 24 3000001
15 25 3000001
15 26 3000001
15 27 3000001
15 28 3000001
15 29 3000001
15 30 3000001
15 31 3000001
15 32 3000001
15 33 3000001
15 34 3000001
15 35 3000001
15 36 3000001
15 37 3000001
15 38 3000001
15 39 3000001
15 40 3000001
16 1 3000001
16 2 3000001
16 3 3000001
16 4 3000001
16 5 3000001
16 6 3000001
16 7 3000001
16 8 3000001
16 9 3000001
16 10 3000001
16 11 3000001
16 12 3000001
16 13 3000001
16 14 3000001
16 15 3000001
16 16 3000001
16 17 3000001
16 18 3000001
16 19 3000001
16 20 3000001
16 21 3000001
16 22 3000001
16 23 3000001
16 24 3000001
16 25 3000001
16 26 3000001
16 27 3000001
16 28 3000001
16 29 3000001
16 30 3000001
16 31 3000001
16 32 3000001
16 33 3000001
16 34 3000001
16 35 3000001
16 36 3000001
16 37 3000001
16 38 3000001
16 39 3000001
16 40 3000001
17 1 3000001
17 2 3000001
17 3 3000001
17 4 3000001
17 5 3000001
17 6 3000001
17 7 3000001
17 8 3000001
17 9 3000001
17 10 3000001
17 11 3000001
17 12 3000001
17 13 3000001
17 14 3000001
17 15 3000001
17 16 3000001
17 17 3000001
17 18 3000001
17 19 3000001
17 20 3000001
17 21 3000001
17 22 3000001
17 23 3000001
17 24 3000001
17 25 3000001
17 26 3000001
17 27 3000001
17 28 3000001
17 29 3000001
17 30 3000001
17 31 3000001
17 32 3000001
17 33 3000001
17 34 3000001
17 35 3000001
17 36 3000001
17 37 3000001
17 38 3000001
17 39 3000001
17 40 3000001
18 1 3000001
18 2 3000001
18 3 3000001
18 4 3000001
18 5 3000001
18 6 3000001
18 7 3000001
18 8 3000001
18 9 3000001
18 10 3000001
18 11 3000001
18 12 3000001
18 13 3000001
18 14 3000001
18 15 3000001
18 16 3000001
18 17 3000001
18 18 3000001
18 19 3000001
18 20 3000001
18 21 3000001
18 22 3000001
18 23 3000001
18 24 3000001
18 25 3000001
18 26 3000001
18 27 3000001
18 28 3000001
18 29 3000001
18 30 3000001
18 31 3000001
18 32 3000001
18 33 3000001
18 34 3000001
18 35 3000001
18 36 3000001
18 37 3000001
18 38 3000001
18 39 3000001
18 40 3000001
19 1 3000001
19 2 3000001
19 3 3000001
19 4 3000001
19 5 3000001
19 6 3000001
19 7 3000001
19 8 3000001
19 9 3000001
19 10 3000001
19 11 3000001
19 12 3000001
19 13 3000001
19 14 3000001
19 15 3000001
19 16 3000001
19 17 3000001
19 18 3000001
19 19 3000001
19 20 3000001
19 21 3000001
19 22 3000001
19 23 3000001
19 24 3000001
19 25 3000001
19 26 3000001
19 27 3000001
19 28 3000001
19 29 3000001
19 30 3000001
19 31 3000001
19 32 3000001
19 33 3000001
19 34 3000001
19 35 3000001
19 36 3000001
19 37 3000001
19 38 3000001
19 39 3000001
19 40 3000001
time: 2400000000
0 1 4000001
0 2 4000001
0 3 4000001
0 4 4000001
0 5 4000001
0 6 4000001
0 7 4000001
0 8 4000001
0 9 4000001
0 10 4000001
0 11 4000001
0 12 4000001
1 1 4000001
1 2 4000001
1 3 4000001
1 4 4000001
1 5 4000001
1 6 4000001
1 7 4000001
1 8 4000001
1 9 4000001
1 10 4000001
1 11 4000001
1 12 4000001
2 1 4000001
2 2 4000001
2 3 4000001
2 4 4000001
2 5 4000001
2 6 4000001
2 7 4000001
2 8 4000001
2 9 4000001
2 10 4000001
2 11 4000001
2 12 4000001
3 1 4000001
3 2 4000001
3 3 4000001
3 4 4000001
3 5 4000001
3 6 4000001
3 7 4000001
3 8 4000001
3 9 4000001
3 10 4000001
3 11 4000001
3 12 4000001
4 1 4000001
4 2 4000001
4 3 4000001
4 4 4000001
4 5 4000001
4 6 4000001
4 7 4000001
4 8 4000001
4 9 4000001
4 10 4000001
4 11 4000001
4 12 4000001
5 1 4000001
5 2 4000001
5 3 4000001
5 4 4000001
5 5 4000001
5 6 4000001
5 7 4000001
5 8 4000001
5 9 4000001
5 10 4000001
5 11 4000001
5 12 4000001
6 1 4000001
6 2 4000001
6 3 4000001
6 4 4000001
6 5 4000001
6 6 4000001
6 7 4000001
6 8 4000001
6 9 4000001
6 10 4000001
6 11 4000001
6 12 4000001
7 1 4000001
7 2 4000001
7 3 4000001
7 4 4000001
7 5 4000001
7 6 4000001
7 7 4000001
7 8 4000001
7 9 4000001
7 10 4000001
7 11 4000001
7 12 4000001
8 1 4000001
8 2 4000001
8 3 4000001
8 4 4000001
8 5 4000001
8 6 4000001
8 7 4000001
8 8 4000001
8 9 4000001
8 10 4000001
8 11 4000001
8 12 4000001
8 13 4000001
8 14 4000001
8 15 4000001
8 16 4000001
8 17 4000001
8 18 4000001
8 19 4000001
8 20 4000001
8 21 4000001
8 22 4000001
8 23 4000001
8 24 4000001
8 25 4000001
8 26 4000001
8 27 4000001
8 28 4000001
8 29 4000001
8 30 4000001
8 31 4000001
8 32 4000001
8 33 4000001
8 34 4000001
8 35 4000001
8 36 4000001
8 37 4000001
8 38 4000001
8 39 4000001
8 40 4000001
9 1 4000001
9 2 4000001
9 3 4000001
9 4 4000001
9 5 4000001
9 6 4000001
9 7 4000001
9 8 4000001
9 9 4000001
9 10 4000001
9 11 4000001
9 12 4000001
9 13 4000001
9 14 4000001
9 15 4000001
9 16 4000001
9 17 4000001
9 18 4000001
9 19 4000001
9 20 4000001
9 21 4000001
9 22 4000001
9 23 4000001
9 24 4000001
9 25 4000001
9 26 4000001
9 27 4000001
9 28 4000001
9 29 4000001
9 30 4000001
9 31 4000001
9 32 4000001
9 33 4000001
9 34 4000001
9 35 4000001
9 36 4000001
9 37 4000001
9 38 4000001
9 39 4000001
9 40 4000001
10 1 4000001
10 2 4000001
10 3 4000001
10 4 4000001
10 5 4000001
10 6 4000001
10 7 4000001
10 8 4000001
10 9 4000001
10 10 4000001
10 11 4000001
10 12 4000001
10 13 4000001
10 14 4000001
10 15 4000001
10 16 4000001
10 17 4000001
10 18 4000001
10 19 4000001
10 20 4000001
10 21 4000001
10 22 4000001
10 23 4000001
10 24 4000001
10 25 4000001
10 26 4000001
10 27 4000001
10 28 4000001
10 29 4000001
10 30 4000001
10 31 4000001
10 32 4000001
10 33 4000001
10 34 4000001
10 35 4000001
10 36 4000001
10 37 4000001
10 38 4000001
10 39 4000001
10 40 4000001
11 1 4000001
11 2 4000001
11 3 4000001
11 4 4000001
11 5 4000001
11 6 4000001
11 7 4000001
11 8 4000001
11 9 4000001
11 10 4000001
11 11 4000001
11 12 4000001
11 13 4000001
11 14 4000001
11 15 4000001
11 16 4000001
11 17 4000001
11 18 4000001
11 19 4000001
11 20 4000001
11 21 4000001
11 22 4000001
11 23 4000001
11 24 4000001
11 25 4000001
11 26 4000001
11 27 4000001
11 28 4000001
11 29 4000001
11 30 4000001
11 31 4000001
11 32 4000001
11 33 4000001
11 34 4000001
11 35 4000001
11 36 4000001
11 37 4000001
11 38 4000001
11 39 4000001
11 40 4000001
12 1 4000001
12 2 4000001
12 3 4000001
12 4 4000001
12 5 4000001
12 6 4000001
12 7 4000001
12 8 4000001
12 9 4000001
12 10 4000001
12 11 4000001
12 12 4000001
12 13 4000001
12 14 4000001
12 15 4000001
12 16 4000001
12 17 4000001
12 18 4000001
12 19 4000001
12 20 4000001
12 21 4000001
12 22 4000001
12 23 4000001
12 24 4000001
12 25 4000001
12 26 4000001
12 27 4000001
12 28 4000001
12 29 4000001
12 30 4000001
12 31 4000001
12 32 4000001
12 33 4000001
12 34 4000001
12 35 4000001
12 36 4000001
12 37 4000001
12 38 4000001
12 39 4000001
12 40 4000001
13 1 4000001
13 2 4000001
13 3 4000001
13 4 4000001
13 5 4000001
13 6 4000001
13 7 4000001
13 8 4000001
13 9 4000001
13 10 4000001
13 11 4000001
13 12 4000001
13 13 4000001
13 14 4000001
13 15 4000001
13 16 4000001
13 17 4000001
13 18 4000001
13 19 4000001
13 20 4000001
13 21 4000001
13 22 4000001
13 23 4000001
13 24 4000001
13 25 4000001
13 26 4000001
13 27 4000001
13 28 4000001
13 29 4000001
13 30 4000001
13 31 4000001
13 32 4000001
13 33 4000001
13 34 4000001
13 35 4000001
13 36 4000001
13 37 4000001
13 38 4000001
13 39 4000001
13 40 4000001
14 1 4000001
14 2 4000001
14 3 4000001
14 4 4000001
14 5 4000001
14 6 4000001
14 7 4000001
14 8 4000001
14 9 4000001
14 10 4000001
14 11 4000001
14 12 4000001
14 13 4000001
14 14 4000001
14 15 4000001
14 16 4000001
14 17 4000001
14 18 4000001
14 19 4000001
14 20 4000001
14 21 4000001
14 22 4000001
14 23 4000001
14 24 4000001
14 25 4000001
14 26 4000001
14 27 4000001
14 28 4000001
14 29 4000001
14 30 4000001
14 31 4000001
14 32 4000001
14 33 4000001
14 34 4000001
14 35 4000001
14 36 4000001
14 37 4000001
14 38 4000001
14 39 4000001
14 40 4000001
15 1 4000001
15 2 4000001
15 3 4000001
15 4 4000001
15 5 4000001
15 6 4000001
15 7 4000001
15 8 4000001
15 9 4000001
15 10 4000001
15 11 4000001
15 12 4000001
15 13 4000001
15 14 4000001
15 15 4000001
15 16 4000001
15 17 4000001
15 18 4000001
15 19 4000001
15 20 4000001
15 21 4000001
15 22 4000001
15 23 4000001
15 24 4000001
15 25 4000001
15 26 4000001
15 27 4000001
15 28 4000001
15 29 4000001
15 30 4000001
15 31 4000001
15 32 4000001
15 33 4000001
15 34 4000001
15 35 4000001
15 36 4000001
15 37 4000001
15 38 4000001
15 39 4000001
15 40 4000001
16 1 4000001
16 2 4000001
16 3 4000001
16 4 4000001
16 5 4000001
16 6 4000001
16 7 4000001
16 8 4000001
16 9 4000001
16 10 4000001
16 11 4000001
16 12 4000001
16 13 4000001
16 14 4000001
16 15 4000001
16 16 4000001
16 17 4000001
16 18 4000001
16 19 4000001
16 20 4000001
16 21 4000001
16 22 4000001
16 23 4000001
16 24 4000001
16 25 4000001
16 26 4000001
16 27 4000001
16 28 4000001
16 29 4000001
16 30 4000001
16 31 4000001
16 32 4000001
16 33 4000001
16 34 4000001
16 35 4000001
16 36 4000001
16 37 4000001
16 38 4000001
16 39 4000001
16 40 4000001
17 1 4000001
17 2 4000001
17 3 4000001
17 4 4000001
17 5 4000001
17 6 4000001
17 7 4000001
17 8 4000001
17 9 4000001
17 10 4000001
17 11 4000001
17 12 4000001
17 13 4000001
17 14 4000001
17 15 4000001
17 16 4000001
17 17 4000001
17 18 4000001
17 19 4000001
17 20 4000001
17 21 4000001
17 22 4000001
17 23 4000001
17 24 4000001
17 25 4000001
17 26 4000001
17 27 4000001
17 28 4000001
17 29 4000001
17 30 4000001
17 31 4000001
17 32 4000001
17 33 4000001
17 34 4000001
17 35 4000001
17 36 4000001
17 37 4000001
17 38 4000001
17 39 4000001
17 40 4000001
18 1 4000001
18 2 4000001
18 3 4000001
18 4 4000001
18 5 4000001
18 6 4000001
18 7 4000001
18 8 4000001
18 9 4000001
18 10 4000001
18 11 4000001
18 12 4000001
18 13 4000001
18 14 4000001
18 15 4000001
18 16 4000001
18 17 4000001
18 18 4000001
18 19 4000001
18 20 4000001
18 21 4000001
18 22 4000001
18 23 4000001
18 24 4000001
18 25 4000001
18 26 4000001
18 27 4000001
18 28 4000001
18 29 4000001
18 30 4000001
18 31 4000001
18 32 4000001
18 33 4000001
18 34 4000001
18 35 4000001
18 36 4000001
18 37 4000001
18 38 4000001
18 39 4000001
18 40 4000001
19 1 4000001
19 2 4000001
19 3 4000001
19 4 4000001
19 5 4000001
19 6 4000001
19 7 4000001
19 8 4000001
19 9 4000001
19 10 4000001
19 11 4000001
19 12 4000001
19 13 4000001
19 14 4000001
19 15 4000001
19 16 4000001
19 17 4000001
19 18 4000001
19 19 4000001
19 20 4000001
19 21 4000001
19 22 4000001
19 23 4000001
19 24 4000001
19 25 4000001
19 26 4000001
19 27 4000001
19 28 4000001
19 29 4000001
19 30 4000001
19 31 4000001
19 32 4000001
19 33 4000001
19 34 4000001
19 35 4000001
19 36 4000001
19 37 4000001
19 38 4000001
19 39 4000001
19 40 4000001
time: 2500000000
0 1 5000001
0 2 5000001
0 3 5000001
0 4 5000001
0 5 5000001
0 6 5000001
0 7 5000001
0 8 5000001
0 9 5000001
0 10 5000001
0 11 5000001
0 12 5000001
1 1 5000001
1 2 5000001
1 3 5000001
1 4 5000001
1 5 5000001
1 6 5000001
1 7 5000001
1 8 5000001
1 9 5000001
1 10 5000001
1 11 5000001
1 12 5000001
2 1 5000001
2 2 5000001
2 3 5000001
2 4 5000001
2 5 5000001
2 6 5000001
2 7 5000001
2 8 5000001
2 9 5000001
2 10 5000001
2 11 5000001
2 12 5000001
3 1 5000001
3 2 5000001
3 3 5000001
3 4 5000001
3 5 5000001
3 6 5000001
3 7 5000001
3 8 5000001
3 9 5000001
3 10 5000001
3 11 5000001
3 12 5000001
4 1 5000001
4 2 5000001
4 3 5000001
4 4 5000001
4 5 5000001
4 6 5000001
4 7 5000001
4 8 5000001
4 9 5000001
4 10 5000001
4 11 5000001
4 12 5000001
5 1 5000001
5 2 5000001
5 3 5000001
5 4 5000001
5 5 5000001
5 6 5000001
5 7 5000001
5 8 5000001
5 9 5000001
5 10 5000001
5 11 5000001
5 12 5000001
6 1 5000001
6 2 5000001
6 3 5000001
6 4 5000001
6 5 5000001
6 6 5000001
6 7 5000001
6 8 5000001
6 9 5000001
6 10 5000001
6 11 5000001
6 12 5000001
7 1 5000001
7 2 5000001
7 3 5000001
7 4 5000001
7 5 5000001
7 6 5000001
7 7 5000001
7 8 5000001
7 9 5000001
7 10 5000001
7 11 5000001
7 12 5000001
8 1 5000001
8 2 5000001
8 3 5000001
8 4 5000001
8 5 5000001
8 6 5000001
8 7 5000001
8 8 5000001
8 9 5000001
8 10 5000001
8 11 5000001
8 12 5000001
8 13 5000001
8 14 5000001
8 15 5000001
8 16 5000001
8 17 5000001
8 18 5000001
8 19 5000001
8 20 5000001
8 21 5000001
8 22 5000001
8 23 5000001
8 24 5000001
8 25 5000001
8 26 5000001
8 27 5000001
8 28 5000001
8 29 5000001
8 30 5000001
8 31 5000001
8 32 5000001
8 33 5000001
8 34 5000001
8 35 5000001
8 36 5000001
8 37 5000001
8 38 5000001
8 39 5000001
8 40 5000001
9 1 5000001
9 2 5000001
9 3 5000001
9 4 5000001
9 5 5000001
9 6 5000001
9 7 5000001
9 8 5000001
9 9 5000001
9 10 5000001
9 11 5000001
9 12 5000001
9 13 5000001
9 14 5000001
9 15 5000001
9 16 5000001
9 17 5000001
9 18 5000001
9 19 5000001
9 20 5000001
9 21 5000001
9 22 5000001
9 23 5000001
9 24 5000001
9 25 5000001
9 26 5000001
9 27 5000001
9 28 5000001
9 29 5000001
9 30 5000001
9 31 5000001
9 32 5000001
9 33 5000001
9 34 5000001
9 35 5000001
9 36 5000001
9 37 5000001
9 38 5000001
9 39 5000001
9 40 5000001
10 1 5000001
10 2 5000001
10 3 5000001
10 4 5000001
10 5 5000001
10 6 5000001
10 7 5000001
10 8 5000001
10 9 5000001
10 10 5000001
10 11 5000001
10 12 5000001
10 13 5000001
10 14 5000001
10 15 5000001
10 16 5000001
10 17 5000001
10 18 5000001
10 19 5000001
10 20 5000001
10 21 5000001
10 22 5000001
10 23 5000001
10 24 5000001
10 25 5000001
10 26 5000001
10 27 5000001
10 28 5000001
10 29 5000001
10 30 5000001
10 31 5000001
10 32 5000001
10 33 5000001
10 34 5000001
10 35 5000001
10 36 5000001
10 37 5000001
10 38 5000001
10 39 5000001
10 40 5000001
11 1 5000001
11 2 5000001
11 3 5000001
11 4 5000001
11 5 5000001
11 6 5000001
11 7 5000001
11 8 5000001
11 9 5000001
11 10 5000001
11 11 5000001
11 12 5000001
11 13 5000001
11 14 5000001
11 15 5000001
11 16 5000001
11 17 5000001
11 18 5000001
11 19 5000001
11 20 5000001
11 21 5000001
11 22 5000001
11 23 5000001
11 24 5000001
11 25 5000001
11 26 5000001
11 27 5000001
11 28 5000001
11 29 5000001
11 30 5000001
11 31 5000001
11 32 5000001
11 33 5000001
11 34 5000001
11 35 5000001
11 36 5000001
11 37 5000001
11 38 5000001
11 39 5000001
11 40 5000001
12 1 5000001
12 2 5000001
12 3 5000001
12 4 5000001
12 5 5000001
12 6 5000001
12 7 5000001
12 8 5000001
12 9 5000001
12 10 5000001
12 11 5000001
12 12 5000001
12 13 5000001
12 14 5000001
12 15 5000001
12 16 5000001
12 17 5000001
12 18 5000001
12 19 5000001
12 20 5000001
12 21 5000001
12 22 5000001
12 23 5000001
12 24 5000001
12 25 5000001
12 26 5000001
12 27 5000001
12 28 5000001
12 29 5000001
12 30 5000001
12 31 5000001
12 32 5000001
12 33 5000001
12 34 5000001
12 35 5000001
12 36 5000001
12 37 5000001
12 38 5000001
12 39 5000001
12 40 5000001
13 1 5000001
13 2 5000001
13 3 5000001
13 4 5000001
13 5 5000001
13 6 5000001
13 7 5000001
13 8 5000001
13 9 5000001
13 10 5000001
13 11 5000001
13 12 5000001
13 13 5000001
13 14 5000001
13 15 5000001
13 16 5000001
13 17 5000001
13 18 5000001
13 19 5000001
13 20 5000001
13 21 5000001
13 22 5000001
13 23 5000001
13 24 5000001
13 25 5000001
13 26 5000001
13 27 5000001
13 28 5000001
13 29 5000001
13 30 5000001
13 31 5000001
13 32 5000001
13 33 5000001
13 34 5000001
13 35 5000001
13 36 5000001
13 37 5000001
13 38 5000001
13 39 5000001
13 40 5000001
14 1 5000001
14 2 5000001
14 3 5000001
14 4 5000001
14 5 5000001
14 6 5000001
14 7 5000001
14 8 5000001
14 9 5000001
14 10 5000001
14 11 5000001
14 12 5000001
14 13 5000001
14 14 5000001
14 15 5000001
14 16 5000001
14 17 5000001
14 18 5000001
14 19 5000001
14 20 5000001
14 21 5000001
14 22 5000001
14 23 5000001
14 24 5000001
14 25 5000001
14 26 5000001
14 27 5000001
14 28 5000001
14 29 5000001
14 30 5000001
14 31 5000001
14 32 5000001
14 33 5000001
14 34 5000001
14 35 5000001
14 36 5000001
14 37 5000001
14 38 5000001
14 39 5000001
14 40 5000001
15 1 5000001
15 2 5000001
15 3 5000001
15 4 5000001
15 5 5000001
15 6 5000001
15 7 5000001
15 8 5000001
15 9 5000001
15 10 5000001
15 11 5000001
15 12 5000001
15 13 5000001
15 14 5000001
15 15 5000001
15 16 5000001
15 17 5000001
15 18 5000001
15 19 5000001
15 20 5000001
15 21 5000001
15 22 5000001
15 23 5000001
15 24 5000001
15 25 5000001
15 26 5000001
15 27 5000001
15 28 5000001
15 29 5000001
15 30 5000001
15 31 5000001
15 32 5000001
15 33 5000001
15 34 5000001
15 35 5000001
15 36 5000001
15 37 5000001
15 38 5000001
15 39 5000001
15 40 5000001
16 1 5000001
16 2 5000001
16 3 5000001
16 4 5000001
16 5 5000001
16 6 5000001
16 7 5000001
16 8 5000001
16 9 5000001
16 10 5000001
16 11 5000001
16 12 5000001
16 13 5000001
16 14 5000001
16 15 5000001
16 16 5000001
16 17 5000001
16 18 5000001
16 19 5000001
16 20 5000001
16 21 5000001
16 22 5000001
16 23 5000001
16 24 5000001
16 25 5000001
16 26 5000001
16 27 5000001
16 28 5000001
16 29 5000001
16 30 5000001
16 31 5000001
16 32 5000001
16 33 5000001
16 34 5000001
16 35 5000001
16 36 5000001
16 37 5000001
16 38 5000001
16 39 5000001
16 40 5000001
17 1 5000001
17 2 5000001
17 3 5000001
17 4 5000001
17 5 5000001
17 6 5000001
17 7 5000001
17 8 5000001
17 9 5000001
17 10 5000001
17 11 5000001
17 12 5000001
17 13 5000001
17 14 5000001
17 15 5000001
17 16 5000001
17 17 5000001
17 18 5000001
17 19 5000001
17 20 5000001
17 21 5000001
17 22 5000001
17 23 5000001
17 24 5000001
17 25 5000001
17 26 5000001
17 27 5000001
17 28 5000001
17 29 5000001
17 30 5000001
17 31 5000001
17 32 5000001
17 33 5000001
17 34 5000001
17 35 5000001
17 36 5000001
17 37 5000001
17 38 5000001
17 39 5000001
17 40 5000001
18 1 5000001
18 2 5000001
18 3 5000001
18 4 5000001
18 5 5000001
18 6 5000001
18 7 5000001
18 8 5000001
18 9 5000001
18 10 5000001
18 11 5000001
18 12 5000001
18 13 5000001
18 14 5000001
18 15 5000001
18 16 5000001
18 17 5000001
18 18 5000001
18 19 5000001
18 20 5000001
18 21 5000001
18 22 5000001
18 23 5000001
18 24 5000001
18 25 5000001
18 26 5000001
18 27 5000001
18 28 5000001
18 29 5000001
18 30 5000001
18 31 5000001
18 32 5000001
18 33 5000001
18 34 5000001
18 35 5000001
18 36 5000001
18 37 5000001
18 38 5000001
18 39 5000001
18 40 5000001
19 1 5000001
19 2 5000001
19 3 5000001
19 4 5000001
19 5 5000001
19 6 5000001
19 7 5000001
19 8 5000001
19 9 5000001
19 10 5000001
19 11 5000001
19 12 5000001
19 13 5000001
19 14 5000001
19 15 5000001
19 16 5000001
19 17 5000001
19 18 5000001
19 19 5000001
19 20 5000001
19 21 5000001
19 22 5000001
19 23 5000001
19 24 5000001
19 25 5000001
19 26 5000001
19 27 5000001
19 28 5000001
19 29 5000001
19 30 5000001
19 31 5000001
19 32 5000001
19 33 5000001
19 34 5000001
19 35 5000001
19 36 5000001
19 37 5000001
19 38 5000001
19 39 5000001
19 40 5000001
time: 2600000000
0 1 6000001
0 2 6000001
0 3 6000001
0 4 6000001
0 5 6000001
0 6 6000001
0 7 6000001
0 8 6000001
0 9 6000001
0 10 6000001
0 11 6000001
0 12 6000001
1 1 6000001
1 2 6000001
1 3 6000001
1 4 6000001
1 5 6000001
1 6 6000001
1 7 6000001
1 8 6000001
1 9 6000001
1 10 6000001
1 11 6000001
1 12 6000001
2 1 6000001
2 2 6000001
2 3 6000001
2 4 6000001
2 5 6000001
2 6 6000001
2 7 6000001
2 8 6000001
2 9 6000001
2 10 6000001
2 11 6000001
2 12 6000001
3 1 6000001
3 2 6000001
3 3 6000001
3 4 6000001
3 5 6000001
3 6 6000001
3 7 6000001
3 8 6000001
3 9 6000001
3 10 6000001
3 11 6000001
3 12 6000001
4 1 6000001
4 2 6000001
4 3 6000001
4 4 6000001
4 5 6000001
4 6 6000001
4 7 6000001
4 8 6000001
4 9 6000001
4 10 6000001
4 11 6000001
4 12 6000001
5 1 6000001
5 2 6000001
5 3 6000001
5 4 6000001
5 5 6000001
5 6 6000001
5 7 6000001
5 8 6000001
5 9 6000001
5 10 6000001
5 11 6000001
5 12 6000001
6 1 6000001
6 2 6000001
6 3 6000001
6 4 6000001
6 5 6000001
6 6 6000001
6 7 6000001
6 8 6000001
6 9 6000001
6 10 6000001
6 11 6000001
6 12 6000001
7 1 6000001
7 2 6000001
7 3 6000001
7 4 6000001
7 5 6000001
7 6 6000001
7 7 6000001
7 8 6000001
7 9 6000001
7 10 6000001
7 11 6000001
7 12 6000001
8 1 6000001
8 2 6000001
8 3 6000001
8 4 6000001
8 5 6000001
8 6 6000001
8 7 6000001
8 8 6000001
8 9 6000001
8 10 6000001
8 11 6000001
8 12 6000001
8 13 6000001
8 14 6000001
8 15 6000001
8 16 6000001
8 17 6000001
8 18 6000001
8 19 6000001
8 20 6000001
8 21 6000001
8 22 6000001
8 23 6000001
8 24 6000001
8 25 6000001
8 26 6000001
8 27 6000001
8 28 6000001
8 29 6000001
8 30 6000001
8 31 6000001
8 32 6000001
8 33 6000001
8 34 6000001
8 35 6000001
8 36 6000001
8 37 6000001
8 38 6000001
8 39 6000001
8 40 6000001
9 1 6000001
9 2 6000001
9 3 6000001
9 4 6000001
9 5 6000001
9 6 6000001
9 7 6000001
9 8 6000001
9 9 6000001
9 10 6000001
9 11 6000001
9 12 6000001
9 13 6000001
9 14 6000001
9 15 6000001
9 16 6000001
9 17 6000001
9 18 6000001
9 19 6000001
9 20 6000001
9 21 6000001
9 22 6000001
9 23 6000001
9 24 6000001
9 25 6000001
9 26 6000001
9 27 6000001
9 28 6000001
9 29 6000001
9 30 6000001
9 31 6000001
9 32 6000001
9 33 6000001
9 34 6000001
9 35 6000001
9 36 6000001
9 37 6000001
9 38 6000001
9 39 6000001
9 40 6000001
10 1 6000001
10 2 6000001
10 3 6000001
10 4 6000001
10 5 6000001
10 6 6000001
10 7 6000001
10 8 6000001
10 9 6000001
10 10 6000001
10 11 6000001
10 12 6000001
10 13 6000001
10 14 6000001
10 15 6000001
10 16 6000001
10 17 6000001
10 18 6000001
10 19 6000001
10 20 6000001
10 21 6000001
10 22 6000001
10 23 6000001
10 24 6000001
10 25 6000001
10 26 6000001
10 27 6000001
10 28 6000001
10 29 6000001
10 30 6000001
10 31 6000001
10 32 6000001
10 33 6000001
10 34 6000001
10 35 6000001
10 36 6000001
10 37 6000001
10 38 6000001
10 39 6000001
10 40 6000001
11 1 6000001
11 2 6000001
11 3 6000001
11 4 6000001
11 5 6000001
11 6 6000001
11 7 6000001
11 8 6000001
11 9 6000001
11 10 6000001
11 11 6000001
11 12 6000001
11 13 6000001
11 14 6000001
11 15 6000001
11 16 6000001
11 17 6000001
11 18 6000001
11 19 6000001
11 20 6000001
11 21 6000001
11 22 6000001
11 23 6000001
11 24 6000001
11 25 6000001
11 26 6000001
11 27 6000001
11 28 6000001
11 29 6000001
11 30 6000001
11 31 6000001
11 32 6000001
11 33 6000001
11 34 6000001
11 35 6000001
11 36 6000001
11 37 6000001
11 38 6000001
11 39 6000001
11 40 6000001
12 1 6000001
12 2 6000001
12 3 6000001
12 4 6000001
12 5 6000001
12 6 6000001
12 7 6000001
12 8 6000001
12 9 6000001
12 10 6000001
12 11 6000001
12 12 6000001
12 13 6000001
12 14 6000001
12 15 6000001
12 16 6000001
12 17 6000001
12 18 6000001
12 19 6000001
12 20 6000001
12 21 6000001
12 22 6000001
12 23 6000001
12 24 6000001
12 25 6000001
12 26 6000001
12 27 6000001
12 28 6000001
12 29 6000001
12 30 6000001
12 31 6000001
12 32 6000001
12 33 6000001
12 34 6000001
12 35 6000001
12 36 6000001
12 37 6000001
12 38 6000001
12 39 6000001
12 40 6000001
13 1 6000001
13 2 6000001
13 3 6000001
13 4 6000001
13 5 6000001
13 6 6000001
13 7 6000001
13 8 6000001
13 9 6000001
13 10 6000001
13 11 6000001
13 12 6000001
13 13 6000001
13 14 6000001
13 15 6000001
13 16 6000001
13 17 6000001
13 18 6000001
13 19 6000001
13 20 6000001
13 21 6000001
13 22 6000001
13 23 6000001
13 24 6000001
13 25 6000001
13 26 6000001
13 27 6000001
13 28 6000001
13 29 6000001
13 30 6000001
13 31 6000001
13 32 6000001
13 33 6000001
13 34 6000001
13 35 6000001
13 36 6000001
13 37 6000001
13 38 6000001
13 39 6000001
13 40 6000001
14 1 6000001
14 2 6000001
14 3 6000001
14 4 6000001
14 5 6000001
14 6 6000001
14 7 6000001
14 8 6000001
14 9 6000001
14 10 6000001
14 11 6000001
14 12 6000001
14 13 6000001
14 14 6000001
14 15 6000001
14 16 6000001
14 17 6000001
14 18 6000001
14 19 6000001
14 20 6000001
14 21 6000001
14 22 6000001
14 23 6000001
14 24 6000001
14 25 6000001
14 26 6000001
14 27 6000001
14 28 6000001
14 29 6000001
14 30 6000001
14 31 6000001
14 32 6000001
14 33 6000001
14 34 6000001
14 35 6000001
14 36 6000001
14 37 6000001
14 38 6000001
14 39 6000001
14 40 6000001
15 1 6000001
15 2 6000001
15 3 6000001
15 4 6000001
15 5 6000001
15 6 6000001
15 7 6000001
15 8 6000001
15 9 6000001
15 10 6000001
15 11 6000001
15 12 6000001
15 13 6000001
15 14 6000001
15 15 6000001
15 16 6000001
15 17 6000001
15 18 6000001
15 19 6000001
15 20 6000001
15 21 6000001
15 22 6000001
15 23 6000001
15 24 6000001
15 25 6000001
15 26 6000001
15 27 6000001
15 28 6000001
15 29 6000001
15 30 6000001
15 31 6000001
15 32 6000001
15 33 6000001
15 34 6000001
15 35 6000001
15 36 6000001
15 37 6000001
15 38 6000001
15 39 6000001
15 40 6000001
16 1 6000001
16 2 6000001
16 3 6000001
16 4 6000001
16 5 6000001
16 6 6000001
16 7 6000001
16 8 6000001
16 9 6000001
16 10 6000001
16 11 6000001
16 12 6000001
16 13 6000001
16 14 6000001
16 15 6000001
16 16 6000001
16 17 6000001
16 18 6000001
16 19 6000001
16 20 6000001
16 21 6000001
16 22 6000001
16 23 6000001
16 24 6000001
16 25 6000001
16 26 6000001
16 27 6000001
16 28 6000001
16 29 6000001
16 30 6000001
16 31 6000001
16 32 6000001
16 33 6000001
16 34 6000001
16 35 6000001
16 36 6000001
16 37 6000001
16 38 6000001
16 39 6000001
16 40 6000001
17 1 6000001
17 2 6000001
17 3 6000001
17 4 6000001
17 5 6000001
17 6 6000001
17 7 6000001
17 8 6000001
17 9 6000001
17 10 6000001
17 11 6000001
17 12 6000001
17 13 6000001
17 14 6000001
17 15 6000001
17 16 6000001
17 17 6000001
17 18 6000001
17 19 6000001
17 20 6000001
17 21 6000001
17 22 6000001
17 23 6000001
17 24 6000001
17 25 6000001
17 26 6000001
17 27 6000001
17 28 6000001
17 29 6000001
17 30 6000001
17 31 6000001
17 32 6000001
17 33 6000001
17 34 6000001
17 35 6000001
17 36 6000001
17 37 6000001
17 38 6000001
17 39 6000001
17 40 6000001
18 1 6000001
18 2 6000001
18 3 6000001
18 4 6000001
18 5 6000001
18 6 6000001
18 7 6000001
18 8 6000001
18 9 6000001
18 10 6000001
18 11 6000001
18 12 6000001
18 13 6000001
18 14 6000001
18 15 6000001
18 16 6000001
18 17 6000001
18 18 6000001
18 19 6000001
18 20 6000001
18 21 6000001
18 22 6000001
18 23 6000001
18 24 6000001
18 25 6000001
18 26 6000001
18 27 6000001
18 28 6000001
18 29 6000001
18 30 6000001
18 31 6000001
18 32 6000001
18 33 6000001
18 34 6000001
18 35 6000001
18 36 6000001
18 37 6000001
18 38 6000001
18 39 6000001
18 40 6000001
19 1 6000001
19 2 6000001
19 3 6000001
19 4 6000001
19 5 6000001
19 6 6000001
19 7 6000001
19 8 6000001
19 9 6000001
19 10 6000001
19 11 6000001
19 12 6000001
19 13 6000001
19 14 6000001
19 15 6000001
19 16 6000001
19 17 6000001
19 18 6000001
19 19 6000001
19 20 6000001
19 21 6000001
19 22 6000001
19 23 6000001
19 24 6000001
19 25 6000001
19 26 6000001
19 27 6000001
19 28 6000001
19 29 6000001
19 30 6000001
19 31 6000001
19 32 6000001
19 33 6000001
19 34 6000001
19 35 6000001
19 36 6000001
19 37 6000001
19 38 6000001
19 39 6000001
19 40 6000001
time: 2700000000
0 1 7000001
0 2 7000001
0 3 7000001
0 4 7000001
0 5 7000001
0 6 7000001
0 7 7000001
0 8 7000001
0 9 7000001
0 10 7000001
0 11 7000001
0 12 7000001
1 1 7000001
1 2 7000001
1 3 7000001
1 4 7000001
1 5 7000001
1 6 7000001
1 7 7000001
1 8 7000001
1 9 7000001
1 10 7000001
1 11 7000001
1 12 7000001
2 1 7000001
2 2 7000001
2 3 7000001
2 4 7000001
2 5 7000001
2 6 7000001
2 7 7000001
2 8 7000001
2 9 7000001
2 10 7000001
2 11 7000001
2 12 7000001
3 1 7000001
3 2 7000001
3 3 7000001
3 4 7000001
3 5 7000001
3 6 7000001
3 7 7000001
3 8 7000001
3 9 7000001
3 10 7000001
3 11 7000001
3 12 7000001
4 1 7000001
4 2 7000001
4 3 7000001
4 4 7000001
4 5 7000001
4 6 7000001
4 7 7000001
4 8 7000001
4 9 7000001
4 10 7000001
4 11 7000001
4 12 7000001
5 1 7000001
5 2 7000001
5 3 7000001
5 4 7000001
5 5 7000001
5 6 7000001
5 7 7000001
5 8 7000001
5 9 7000001
5 10 7000001
5 11 7000001
5 12 7000001
6 1 7000001
6 2 7000001
6 3 7000001
6 4 7000001
6 5 7000001
6 6 7000001
6 7 7000001
6 8 7000001
6 9 7000001
6 10 7000001
6 11 7000001
6 12 7000001
7 1 7000001
7 2 7000001
7 3 7000001
7 4 7000001
7 5 7000001
7 6 7000001
7 7 7000001
7 8 7000001
7 9 7000001
7 10 7000001
7 11 7000001
7 12 7000001
8 1 7000001
8 2 7000001
8 3 7000001
8 4 7000001
8 5 7000001
8 6 7000001
8 7 7000001
8 8 7000001
8 9 7000001
8 10 7000001
8 11 7000001
8 12 7000001
8 13 7000001
8 14 7000001
8 15 7000001
8 16 7000001
8 17 7000001
8 18 7000001
8 19 7000001
8 20 7000001
8 21 7000001
8 22 7000001
8 23 7000001
8 24 7000001
8 25 7000001
8 26 7000001
8 27 7000001
8 28 7000001
8 29 7000001
8 30 7000001
8 31 7000001
8 32 7000001
8 33 7000001
8 34 7000001
8 35 7000001
8 36 7000001
8 37 7000001
8 38 7000001
8 39 7000001
8 40 7000001
9 1 7000001
9 2 7000001
9 3 7000001
9 4 7000001
9 5 7000001
9 6 7000001
9 7 7000001
9 8 7000001
9 9 7000001
9 10 7000001
9 11 7000001
9 12 7000001
9 13 7000001
9 14 7000001
9 15 7000001
9 16 7000001
9 17 7000001
9 18 7000001
9 19 7000001
9 20 7000001
9 21 7000001
9 22 7000001
9 23 7000001
9 24 7000001
9 25 7000001
9 26 7000001
9 27 7000001
9 28 7000001
9 29 7000001
9 30 7000001
9 31 7000001
9 32 7000001
9 33 7000001
9 34 7000001
9 35 7000001
9 36 7000001
9 37 7000001
9 38 7000001
9 39 7000001
9 40 7000001
10 1 7000001
10 2 7000001
10 3 7000001
10 4 7000001
10 5 7000001
10 6 7000001
10 7 7000001
10 8 7000001
10 9 7000001
10 10 7000001
10 11 7000001
10 12 7000001
10 13 7000001
10 14 7000001
10 15 7000001
10 16 7000001
10 17 7000001
10 18 7000001
10 19 7000001
10 20 7000001
10 21 7000001
10 22 7000001
10 23 7000001
10 24 7000001
10 25 7000001
10 26 7000001
10 27 7000001
10 28 7000001
10 29 7000001
10 30 7000001
10 31 7000001
10 32 7000001
10 33 7000001
10 34 7000001
10 35 7000001
10 36 7000001
10 37 7000001
10 38 7000001
10 39 7000001
10 40 7000001
11 1 7000001
11 2 7000001
11 3 7000001
11 4 7000001
11 5 7000001
11 6 7000001
11 7 7000001
11 8 7000001
11 9 7000001
11 10 7000001
11 11 7000001
11 12 7000001
11 13 7000001
11 14 7000001
11 15 7000001
11 16 7000001
11 17 7000001
11 18 7000001
11 19 7000001
11 20 7000001
11 21 7000001
11 22 7000001
11 23 7000001
11 24 7000001
11 25 7000001
11 26 7000001
11 27 7000001
11 28 7000001
11 29 7000001
11 30 7000001
11 31 7000001
11 32 7000001
11 33 7000001
11 34 7000001
11 35 7000001
11 36 7000001
11 37 7000001
11 38 7000001
11 39 7000001
11 40 7000001
12 1 7000001
12 2 7000001
12 3 7000001
12 4 7000001
12 5 7000001
12 6 7000001
12 7 7000001
12 8 7000001
12 9 7000001
12 10 7000001
12 11 7000001
12 12 7000001
12 13 7000001
12 14 7000001
12 15 7000001
12 16 7000001
12 17 7000001
12 18 7000001
12 19 7000001
12 20 7000001
12 21 7000001
12 22 7000001
12 23 7000001
12 24 7000001
12 25 7000001
12 26 7000001
12 27 7000001
12 28 7000001
12 29 7000001
12 30 7000001
12 31 7000001
12 32 7000001
12 33 7000001
12 34 7000001
12 35 7000001
12 36 7000001
12 37 7000001
12 38 7000001
12 39 7000001
12 40 7000001
13 1 7000001
13 2 7000001
13 3 7000001
13 4 7000001
13 5 7000001
13 6 7000001
13 7 7000001
13 8 7000001
13 9 7000001
13 10 7000001
13 11 7000001
13 12 7000001
13 13 7000001
13 14 7000001
13 15 7000001
13 16 7000001
13 17 7000001
13 18 7000001
13 19 7000001
13 20 7000001
13 21 7000001
13 22 7000001
13 23 7000001
13 24 7000001
13 25 7000001
13 26 7000001
13 27 7000001
13 28 7000001
13 29 7000001
13 30 7000001
13 31 7000001
13 32 7000001
13 33 7000001
13 34 7000001
13 35 7000001
13 36 7000001
13 37 7000001
13 38 7000001
13 39 7000001
13 40 7000001
14 1 7000001
14 2 7000001
14 3 7000001
14 4 7000001
14 5 7000001
14 6 7000001
14 7 7000001
14 8 7000001
14 9 7000001
14 10 7000001
14 11 7000001
14 12 7000001
14 13 7000001
14 14 7000001
14 15 7000001
14 16 7000001
14 17 7000001
14 18 7000001
14 19 7000001
14 20 7000001
14 21 7000001
14 22 7000001
14 23 7000001
14 24 7000001
14 25 7000001
14 26 7000001
14 27 7000001
14 28 7000001
14 29 7000001
14 30 7000001
14 31 7000001
14 32 7000001
14 33 7000001
14 34 7000001
14 35 7000001
14 36 7000001
14 37 7000001
14 38 7000001
14 39 7000001
14 40 7000001
15 1 7000001
15 2 7000001
15 3 7000001
15 4 7000001
15 5 7000001
15 6 7000001
15 7 7000001
15 8 7000001
15 9 7000001
15 10 7000001
15 11 7000001
15 12 7000001
15 13 7000001
15 14 7000001
15 15 7000001
15 16 7000001
15 17 7000001
15 18 7000001
15 19 7000001
15 20 7000001
15 21 7000001
15 22 7000001
15 23 7000001
15 24 7000001
15 25 7000001
15 26 7000001
15 27 7000001
15 28 7000001
15 29 7000001
15 30 7000001
15 31 7000001
15 32 7000001
15 33 7000001
15 34 7000001
15 35 7000001
15 36 7000001
15 37 7000001
15 38 7000001
15 39 7000001
15 40 7000001
16 1 7000001
16 2 7000001
16 3 7000001
16 4 7000001
16 5 7000001
16 6 7000001
16 7 7000001
16 8 7000001
16 9 7000001
16 10 7000001
16 11 7000001
16 12 7000001
16 13 7000001
16 14 7000001
16 15 7000001
16 16 7000001
16 17 7000001
16 18 7000001
16 19 7000001
16 20 7000001
16 21 7000001
16 22 7000001
16 23 7000001
16 24 7000001
16 25 7000001
16 26 7000001
16 27 7000001
16 28 7000001
16 29 7000001
16 30 7000001
16 31 7000001
16 32 7000001
16 33 7000001
16 34 7000001
16 35 7000001
16 36 7000001
16 37 7000001
16 38 7000001
16 39 7000001
16 40 7000001
17 1 7000001
17 2 7000001
17 3 7000001
17 4 7000001
17 5 7000001
17 6 7000001
17 7 7000001
17 8 7000001
17 9 7000001
17 10 7000001
17 11 7000001
17 12 7000001
17 13 7000001
17 14 7000001
17 15 7000001
17 16 7000001
17 17 7000001
17 18 7000001
17 19 7000001
17 20 7000001
17 21 7000001
17 22 7000001
17 23 7000001
17 24 7000001
17 25 7000001
17 26 7000001
17 27 7000001
17 28 7000001
17 29 7000001
17 30 7000001
17 31 7000001
17 32 7000001
17 33 7000001
17 34 7000001
17 35 7000001
17 36 7000001
17 37 7000001
17 38 7000001
17 39 7000001
17 40 7000001
18 1 7000001
18 2 7000001
18 3 7000001
18 4 7000001
18 5 7000001
18 6 7000001
18 7 7000001
18 8 7000001
18 9 7000001
18 10 7000001
18 11 7000001
18 12 7000001
18 13 7000001
18 14 7000001
18 15 7000001
18 16 7000001
18 17 7000001
18 18 7000001
18 19 7000001
18 20 7000001
18 21 7000001
18 22 7000001
18 23 7000001
18 24 7000001
18 25 7000001
18 26 7000001
18 27 7000001
18 28 7000001
18 29 7000001
18 30 7000001
18 31 7000001
18 32 7000001
18 33 7000001
18 34 7000001
18 35 7000001
18 36 7000001
18 37 7000001
18 38 7000001
18 39 7000001
18 40 7000001
19 1 7000001
19 2 7000001
19 3 7000001
19 4 7000001
19 5 7000001
19 6 7000001
19 7 7000001
19 8 7000001
19 9 7000001
19 10 7000001
19 11 7000001
19 12 7000001
19 13 7000001
19 14 7000001
19 15 7000001
19 16 7000001
19 17 7000001
19 18 7000001
19 19 7000001
19 20 7000001
19 21 7000001
19 22 7000001
19 23 7000001
19 24 7000001
19 25 7000001
19 26 7000001
19 27 7000001
19 28 7000001
19 29 7000001
19 30 7000001
19 31 7000001
19 32 7000001
19 33 7000001
19 34 7000001
19 35 7000001
19 36 7000001
19 37 7000001
19 38 7000001
19 39 7000001
19 40 7000001
time: 2800000000
0 1 8000001
0 2 8000001
0 3 8000001
0 4 8000001
0 5 8000001
0 6 8000001
0 7 8000001
0 8 8000001
0 9 8000001
0 10 8000001
0 11 8000001
0 12 8000001
1 1 8000001
1 2 8000001
1 3 8000001
1 4 8000001
1 5 8000001
1 6 8000001
1 7 8000001
1 8 8000001
1 9 8000001
1 10 8000001
1 11 8000001
1 12 8000001
2 1 8000001
2 2 8000001
2 3 8000001
2 4 8000001
2 5 8000001
2 6 8000001
2 7 8000001
2 8 8000001
2 9 8000001
2 10 8000001
2 11 8000001
2 12 8000001
3 1 8000001
3 2 8000001
3 3 8000001
3 4 8000001
3 5 8000001
3 6 8000001
3 7 8000001
3 8 8000001
3 9 8000001
3 10 8000001
3 11 8000001
3 12 8000001
4 1 8000001
4 2 8000001
4 3 8000001
4 4 8000001
4 5 8000001
4 6 8000001
4 7 8000001
4 8 8000001
4 9 8000001
4 10 8000001
4 11 8000001
4 12 8000001
5 1 8000001
5 2 8000001
5 3 8000001
5 4 8000001
5 5 8000001
5 6 8000001
5 7 8000001
5 8 8000001
5 9 8000001
5 10 8000001
5 11 8000001
5 12 8000001
6 1 8000001
6 2 8000001
6 3 8000001
6 4 8000001
6 5 8000001
6 6 8000001
6 7 8000001
6 8 8000001
6 9 8000001
6 10 8000001
6 11 8000001
6 12 8000001
7 1 8000001
7 2 8000001
7 3 8000001
7 4 8000001
7 5 8000001
7 6 8000001
7 7 8000001
7 8 8000001
7 9 8000001
7 10 8000001
7 11 8000001
7 12 8000001
8 1 8000001
8 2 8000001
8 3 8000001
8 4 8000001
8 5 8000001
8 6 8000001
8 7 8000001
8 8 8000001
8 9 8000001
8 10 8000001
8 11 8000001
8 12 8000001
8 13 8000001
8 14 8000001
8 15 8000001
8 16 8000001
8 17 8000001
8 18 8000001
8 19 8000001
8 20 8000001
8 21 8000001
8 22 8000001
8 23 8000001
8 24 8000001
8 25 8000001
8 26 8000001
8 27 8000001
8 28 8000001
8 29 8000001
8 30 8000001
8 31 8000001
8 32 8000001
8 33 8000001
8 34 8000001
8 35 8000001
8 36 8000001
8 37 8000001
8 38 8000001
8 39 8000001
8 40 8000001
9 1 8000001
9 2 8000001
9 3 8000001
9 4 8000001
9 5 8000001
9 6 8000001
9 7 8000001
9 8 8000001
9 9 8000001
9 10 8000001
9 11 8000001
9 12 8000001
9 13 8000001
9 14 8000001
9 15 8000001
9 16 8000001
9 17 8000001
9 18 8000001
9 19 8000001
9 20 8000001
9 21 8000001
9 22 8000001
9 23 8000001
9 24 8000001
9 25 8000001
9 26 8000001
9 27 8000001
9 28 8000001
9 29 8000001
9 30 8000001
9 31 8000001
9 32 8000001
9 33 8000001
9 34 8000001
9 35 8000001
9 36 8000001
9 37 8000001
9 38 8000001
9 39 8000001
9 40 8000001
10 1 8000001
10 2 8000001
10 3 8000001
10 4 8000001
10 5 8000001
10 6 8000001
10 7 8000001
10 8 8000001
10 9 8000001
10 10 8000001
10 11 8000001
10 12 8000001
10 13 8000001
10 14 8000001
10 15 8000001
10 16 8000001
10 17 8000001
10 18 8000001
10 19 8000001
10 20 8000001
10 21 8000001
10 22 8000001
10 23 8000001
10 24 8000001
10 25 8000001
10 26 8000001
10 27 8000001
10 28 8000001
10 29 8000001
10 30 8000001
10 31 8000001
10 32 8000001
10 33 8000001
10 34 8000001
10 35 8000001
10 36 8000001
10 37 8000001
10 38 8000001
10 39 8000001
10 40 8000001
11 1 8000001
11 2 8000001
11 3 8000001
11 4 8000001
11 5 8000001
11 6 8000001
11 7 8000001
11 8 8000001
11 9 8000001
11 10 8000001
11 11 8000001
11 12 8000001
11 13 8000001
11 14 8000001
11 15 8000001
11 16 8000001
11 17 8000001
11 18 8000001
11 19 8000001
11 20 8000001
11 21 8000001
11 22 8000001
11 23 8000001
11 24 8000001
11 25 8000001
11 26 8000001
11 27 8000001
11 28 8000001
11 29 8000001
11 30 8000001
11 31 8000001
11 32 8000001
11 33 8000001
11 34 8000001
11 35 8000001
11 36 8000001
11 37 8000001
11 38 8000001
11 39 8000001
11 40 8000001
12 1 8000001
12 2 8000001
12 3 8000001
12 4 8000001
12 5 8000001
12 6 8000001
12 7 8000001
12 8 8000001
12 9 8000001
12 10 8000001
12 11 8000001
12 12 8000001
12 13 8000001
12 14 8000001
12 15 8000001
12 16 8000001
12 17 8000001
12 18 8000001
12 19 8000001
12 20 8000001
12 21 8000001
12 22 8000001
12 23 8000001
12 24 8000001
12 25 8000001
12 26 8000001
12 27 8000001
12 28 8000001
12 29 8000001
12 30 8000001
12 31 8000001
12 32 8000001
12 33 8000001
12 34 8000001
12 35 8000001
12 36 8000001
12 37 8000001
12 38 8000001
12 39 8000001
12 40 8000001
13 1 8000001
13 2 8000001
13 3 8000001
13 4 8000001
13 5 8000001
13 6 8000001
13 7 8000001
13 8 8000001
13 9 8000001
13 10 8000001
13 11 8000001
13 12 8000001
13 13 8000001
13 14 8000001
13 15 8000001
13 16 8000001
13 17 8000001
13 18 8000001
13 19 8000001
13 20 8000001
13 21 8000001
13 22 8000001
13 23 8000001
13 24 8000001
13 25 8000001
13 26 8000001
13 27 8000001
13 28 8000001
13 29 8000001
13 30 8000001
13 31 8000001
13 32 8000001
13 33 8000001
13 34 8000001
13 35 8000001
13 36 8000001
13 37 8000001
13 38 8000001
13 39 8000001
13 40 8000001
14 1 8000001
14 2 8000001
14 3 8000001
14 4 8000001
14 5 8000001
14 6 8000001
14 7 8000001
14 8 8000001
14 9 8000001
14 10 8000001
14 11 8000001
14 12 8000001
14 13 8000001
14 14 8000001
14 15 8000001
14 16 8000001
14 17 8000001
14 18 8000001
14 19 8000001
14 20 8000001
14 21 8000001
14 22 8000001
14 23 8000001
14 24 8000001
14 25 8000001
14 26 8000001
14 27 8000001
14 28 8000001
14 29 8000001
14 30 8000001
14 31 8000001
14 32 8000001
14 33 8000001
14 34 8000001
14 35 8000001
14 36 8000001
14 37 8000001
14 38 8000001
14 39 8000001
14 40 8000001
15 1 8000001
15 2 8000001
15 3 8000001
15 4 8000001
15 5 8000001
15 6 8000001
15 7 8000001
15 8 8000001
15 9 8000001
15 10 8000001
15 11 8000001
15 12 8000001
15 13 8000001
15 14 8000001
15 15 8000001
15 16 8000001
15 17 8000001
15 18 8000001
15 19 8000001
15 20 8000001
15 21 8000001
15 22 8000001
15 23 8000001
15 24 8000001
15 25 8000001
15 26 8000001
15 27 8000001
15 28 8000001
15 29 8000001
15 30 8000001
15 31 8000001
15 32 8000001
15 33 8000001
15 34 8000001
15 35 8000001
15 36 8000001
15 37 8000001
15 38 8000001
15 39 8000001
15 40 8000001
16 1 8000001
16 2 8000001
16 3 8000001
16 4 8000001
16 5 8000001
16 6 8000001
16 7 8000001
16 8 8000001
16 9 8000001
16 10 8000001
16 11 8000001
16 12 8000001
16 13 8000001
16 14 8000001
16 15 8000001
16 16 8000001
16 17 8000001
16 18 8000001
16 19 8000001
16 20 8000001
16 21 8000001
16 22 8000001
16 23 8000001
16 24 8000001
16 25 8000001
16 26 8000001
16 27 8000001
16 28 8000001
16 29 8000001
16 30 8000001
16 31 8000001
16 32 8000001
16 33 8000001
16 34 8000001
16 35 8000001
16 36 8000001
16 37 8000001
16 38 8000001
16 39 8000001
16 40 8000001
17 1 8000001
17 2 8000001
17 3 8000001
17 4 8000001
17 5 8000001
17 6 8000001
17 7 8000001
17 8 8000001
17 9 8000001
17 10 8000001
17 11 8000001
17 12 8000001
17 13 8000001
17 14 8000001
17 15 8000001
17 16 8000001
17 17 8000001
17 18 8000001
17 19 8000001
17 20 8000001
17 21 8000001
17 22 8000001
17 23 8000001
17 24 8000001
17 25 8000001
17 26 8000001
17 27 8000001
17 28 8000001
17 29 8000001
17 30 8000001
17 31 8000001
17 32 8000001
17 33 8000001
17 34 8000001
17 35 8000001
17 36 8000001
17 37 8000001
17 38 8000001
17 39 8000001
17 40 8000001
18 1 8000001
18 2 8000001
18 3 8000001
18 4 8000001
18 5 8000001
18 6 8000001
18 7 8000001
18 8 8000001
18 9 8000001
18 10 8000001
18 11 8000001
18 12 8000001
18 13 8000001
18 14 8000001
18 15 8000001
18 16 8000001
18 17 8000001
18 18 8000001
18 19 8000001
18 20 8000001
18 21 8000001
18 22 8000001
18 23 8000001
18 24 8000001
18 25 8000001
18 26 8000001
18 27 8000001
18 28 8000001
18 29 8000001
18 30 8000001
18 31 8000001
18 32 8000001
18 33 8000001
18 34 8000001
18 35 8000001
18 36 8000001
18 37 8000001
18 38 8000001
18 39 8000001
18 40 8000001
19 1 8000001
19 2 8000001
19 3 8000001
19 4 8000001
19 5 8000001
19 6 8000001
19 7 8000001
19 8 8000001
19 9 8000001
19 10 8000001
19 11 8000001
19 12 8000001
19 13 8000001
19 14 8000001
19 15 8000001
19 16 8000001
19 17 8000001
19 18 8000001
19 19 8000001
19 20 8000001
19 21 8000001
19 22 8000001
19 23 8000001
19 24 8000001
19 25 8000001
19 26 8000001
19 27 8000001
19 28 8000001
19 29 8000001
19 30 8000001
19 31 8000001
19 32 8000001
19 33 8000001
19 34 8000001
19 35 8000001
19 36 8000001
19 37 8000001
19 38 8000001
19 39 8000001
19 40 8000001
time: 2900000000
0 1 9000001
0 2 9000001
0 3 9000001
0 4 9000001
0 5 9000001
0 6 9000001
0 7 9000001
0 8 9000001
0 9 9000001
0 10 9000001
0 11 9000001
0 12 9000001
1 1 9000001
1 2 9000001
1 3 9000001
1 4 9000001
1 5 9000001
1 6 9000001
1 7 9000001
1 8 9000001
1 9 9000001
1 10 9000001
1 11 9000001
1 12 9000001
2 1 9000001
2 2 9000001
2 3 9000001
2 4 9000001
2 5 9000001
2 6 9000001
2 7 9000001
2 8 9000001
2 9 9000001
2 10 9000001
2 11 9000001
2 12 9000001
3 1 9000001
3 2 9000001
3 3 9000001
3 4 9000001
3 5 9000001
3 6 9000001
3 7 9000001
3 8 9000001
3 9 9000001
3 10 9000001
3 11 9000001
3 12 9000001
4 1 9000001
4 2 9000001
4 3 9000001
4 4 9000001
4 5 9000001
4 6 9000001
4 7 9000001
4 8 9000001
4 9 9000001
4 10 9000001
4 11 9000001
4 12 9000001
5 1 9000001
5 2 9000001
5 3 9000001
5 4 9000001
5 5 9000001
5 6 9000001
5 7 9000001
5 8 9000001
5 9 9000001
5 10 9000001
5 11 9000001
5 12 9000001
6 1 9000001
6 2 9000001
6 3 9000001
6 4 9000001
6 5 9000001
6 6 9000001
6 7 9000001
6 8 9000001
6 9 9000001
6 10 9000001
6 11 9000001
6 12 9000001
7 1 9000001
7 2 9000001
7 3 9000001
7 4 9000001
7 5 9000001
7 6 9000001
7 7 9000001
7 8 9000001
7 9 9000001
7 10 9000001
7 11 9000001
7 12 9000001
8 1 9000001
8 2 9000001
8 3 9000001
8 4 9000001
8 5 9000001
8 6 9000001
8 7 9000001
8 8 9000001
8 9 9000001
8 10 9000001
8 11 9000001
8 12 9000001
8 13 9000001
8 14 9000001
8 15 9000001
8 16 9000001
8 17 9000001
8 18 9000001
8 19 9000001
8 20 9000001
8 21 9000001
8 22 9000001
8 23 9000001
8 24 9000001
8 25 9000001
8 26 9000001
8 27 9000001
8 28 9000001
8 29 9000001
8 30 9000001
8 31 9000001
8 32 9000001
8 33 9000001
8 34 9000001
8 35 9000001
8 36 9000001
8 37 9000001
8 38 9000001
8 39 9000001
8 40 9000001
9 1 9000001
9 2 9000001
9 3 9000001
9 4 9000001
9 5 9000001
9 6 9000001
9 7 9000001
9 8 9000001
9 9 9000001
9 10 9000001
9 11 9000001
9 12 9000001
9 13 9000001
9 14 9000001
9 15 9000001
9 16 9000001
9 17 9000001
9 18 9000001
9 19 9000001
9 20 9000001
9 21 9000001
9 22 9000001
9 23 9000001
9 24 9000001
9 25 9000001
9 26 9000001
9 27 9000001
9 28 9000001
9 29 9000001
9 30 9000001
9 31 9000001
9 32 9000001
9 33 9000001
9 34 9000001
9 35 9000001
9 36 9000001
9 37 9000001
9 38 9000001
9 39 9000001
9 40 9000001
10 1 9000001
10 2 9000001
10 3 9000001
10 4 9000001
10 5 9000001
10 6 9000001
10 7 9000001
10 8 9000001
10 9 9000001
10 10 9000001
10 11 9000001
10 12 9000001
10 13 9000001
10 14 9000001
10 15 9000001
10 16 9000001
10 17 9000001
10 18 9000001
10 19 9000001
10 20 9000001
10 21 9000001
10 22 9000001
10 23 9000001
10 24 9000001
10 25 9000001
10 26 9000001
10 27 9000001
10 28 9000001
10 29 9000001
10 30 9000001
10 31 9000001
10 32 9000001
10 33 9000001
10 34 9000001
10 35 9000001
10 36 9000001
10 37 9000001
10 38 9000001
10 39 9000001
10 40 9000001
11 1 9000001
11 2 9000001
11 3 9000001
11 4 9000001
11 5 9000001
11 6 9000001
11 7 9000001
11 8 9000001
11 9 9000001
11 10 9000001
11 11 9000001
11 12 9000001
11 13 9000001
11 14 9000001
11 15 9000001
11 16 9000001
11 17 9000001
11 18 9000001
11 19 9000001
11 20 9000001
11 21 9000001
11 22 9000001
11 23 9000001
11 24 9000001
11 25 9000001
11 26 9000001
11 27 9000001
11 28 9000001
11 29 9000001
11 30 9000001
11 31 9000001
11 32 9000001
11 33 9000001
11 34 9000001
11 35 9000001
11 36 9000001
11 37 9000001
11 38 9000001
11 39 9000001
11 40 9000001
12 1 9000001
12 2 9000001
12 3 9000001
12 4 9000001
12 5 9000001
12 6 9000001
12 7 9000001
12 8 9000001
12 9 9000001
12 10 9000001
12 11 9000001
12 12 9000001
12 13 9000001
12 14 9000001
12 15 9000001
12 16 9000001
12 17 9000001
12 18 9000001
12 19 9000001
12 20 9000001
12 21 9000001
12 22 9000001
12 23 9000001
12 24 9000001
12 25 9000001
12 26 9000001
12 27 9000001
12 28 9000001
12 29 9000001
12 30 9000001
12 31 9000001
12 32 9000001
12 33 9000001
12 34 9000001
12 35 9000001
12 36 9000001
12 37 9000001
12 38 9000001
12 39 9000001
12 40 9000001
13 1 9000001
13 2 9000001
13 3 9000001
13 4 9000001
13 5 9000001
13 6 9000001
13 7 9000001
13 8 9000001
13 9 9000001
13 10 9000001
13 11 9000001
13 12 9000001
13 13 9000001
13 14 9000001
13 15 9000001
13 16 9000001
13 17 9000001
13 18 9000001
13 19 9000001
13 20 9000001
13 21 9000001
13 22 9000001
13 23 9000001
13 24 9000001
13 25 9000001
13 26 9000001
13 27 9000001
13 28 9000001
13 29 9000001
13 30 9000001
13 31 9000001
13 32 9000001
13 33 9000001
13 34 9000001
13 35 9000001
13 36 9000001
13 37 9000001
13 38 9000001
13 39 9000001
13 40 9000001
14 1 9000001
14 2 9000001
14 3 9000001
14 4 9000001
14 5 9000001
14 6 9000001
14 7 9000001
14 8 9000001
14 9 9000001
14 10 9000001
14 11 9000001
14 12 9000001
14 13 9000001
14 14 9000001
14 15 9000001
14 16 9000001
14 17 9000001
14 18 9000001
14 19 9000001
14 20 9000001
14 21 9000001
14 22 9000001
14 23 9000001
14 24 9000001
14 25 9000001
14 26 9000001
14 27 9000001
14 28 9000001
14 29 9000001
14 30 9000001
14 31 9000001
14 32 9000001
14 33 9000001
14 34 9000001
14 35 9000001
14 36 9000001
14 37 9000001
14 38 9000001
14 39 9000001
14 40 9000001
15 1 9000001
15 2 9000001
15 3 9000001
15 4 9000001
15 5 9000001
15 6 9000001
15 7 9000001
15 8 9000001
15 9 9000001
15 10 9000001
15 11 9000001
15 12 9000001
15 13 9000001
15 14 9000001
15 15 9000001
15 16 9000001
15 17 9000001
15 18 9000001
15 19 9000001
15 20 9000001
15 21 9000001
15 22 9000001
15 23 9000001
15 24 9000001
15 25 9000001
15 26 9000001
15 27 9000001
15 28 9000001
15 29 9000001
15 30 9000001
15 31 9000001
15 32 9000001
15 33 9000001
15 34 9000001
15 35 9000001
15 36 9000001
15 37 9000001
15 38 9000001
15 39 9000001
15 40 9000001
16 1 9000001
16 2 9000001
16 3 9000001
16 4 9000001
16 5 9000001
16 6 9000001
16 7 9000001
16 8 9000001
16 9 9000001
16 10 9000001
16 11 9000001
16 12 9000001
16 13 9000001
16 14 9000001
16 15 9000001
16 16 9000001
16 17 9000001
16 18 9000001
16 19 9000001
16 20 9000001
16 21 9000001
16 22 9000001
16 23 9000001
16 24 9000001
16 25 9000001
16 26 9000001
16 27 9000001
16 28 9000001
16 29 9000001
16 30 9000001
16 31 9000001
16 32 9000001
16 33 9000001
16 34 9000001
16 35 9000001
16 36 9000001
16 37 9000001
16 38 9000001
16 39 9000001
16 40 9000001
17 1 9000001
17 2 9000001
17 3 9000001
17 4 9000001
17 5 9000001
17 6 9000001
17 7 9000001
17 8 9000001
17 9 9000001
17 10 9000001
17 11 9000001
17 12 9000001
17 13 9000001
17 14 9000001
17 15 9000001
17 16 9000001
17 17 9000001
17 18 9000001
17 19 9000001
17 20 9000001
17 21 9000001
17 22 9000001
17 23 9000001
17 24 9000001
17 25 9000001
17 26 9000001
17 27 9000001
17 28 9000001
17 29 9000001
17 30 9000001
17 31 9000001
17 32 9000001
17 33 9000001
17 34 9000001
17 35 9000001
17 36 9000001
17 37 9000001
17 38 9000001
17 39 9000001
17 40 9000001
18 1 9000001
18 2 9000001
18 3 9000001
18 4 9000001
18 5 9000001
18 6 9000001
18 7 9000001
18 8 9000001
18 9 9000001
18 10 9000001
18 11 9000001
18 12 9000001
18 13 9000001
18 14 9000001
18 15 9000001
18 16 9000001
18 17 9000001
18 18 9000001
18 19 9000001
18 20 9000001
18 21 9000001
18 22 9000001
18 23 9000001
18 24 9000001
18 25 9000001
18 26 9000001
18 27 9000001
18 28 9000001
18 29 9000001
18 30 9000001
18 31 9000001
18 32 9000001
18 33 9000001
18 34 9000001
18 35 9000001
18 36 9000001
18 37 9000001
18 38 9000001
18 39 9000001
18 40 9000001
19 1 9000001
19 2 9000001
19 3 9000001
19 4 9000001
19 5 9000001
19 6 9000001
19 7 9000001
19 8 9000001
19 9 9000001
19 10 9000001
19 11 9000001
19 12 9000001
19 13 9000001
19 14 9000001
19 15 9000001
19 16 9000001
19 17 9000001
19 18 9000001
19 19 9000001
19 20 9000001
19 21 9000001
19 22 9000001
19 23 9000001
19 24 9000001
19 25 9000001
19 26 9000001
19 27 9000001
19 28 9000001
19 29 9000001
19 30 9000001
19 31 9000001
19 32 9000001
19 33 9000001
19 34 9000001
19 35 9000001
19 36 9000001
19 37 9000001
19 38 9000001
19 39 9000001
19 40 9000001
time: 3000000000
0 1 10000001
0 2 10000001
0 3 10000001
0 4 10000001
0 5 10000001
0 6 10000001
0 7 10000001
0 8 10000001
0 9 10000001
0 10 10000001
0 11 10000001
0 12 10000001
1 1 10000001
1 2 10000001
1 3 10000001
1 4 10000001
1 5 10000001
1 6 10000001
1 7 10000001
1 8 10000001
1 9 10000001
1 10 10000001
1 11 10000001
1 12 10000001
2 1 10000001
2 2 10000001
2 3 10000001
2 4 10000001
2 5 10000001
2 6 10000001
2 7 10000001
2 8 10000001
2 9 10000001
2 10 10000001
2 11 10000001
2 12 10000001
3 1 10000001
3 2 10000001
3 3 10000001
3 4 10000001
3 5 10000001
3 6 10000001
3 7 10000001
3 8 10000001
3 9 10000001
3 10 10000001
3 11 10000001
3 12 10000001
4 1 10000001
4 2 10000001
4 3 10000001
4 4 10000001
4 5 10000001
4 6 10000001
4 7 10000001
4 8 10000001
4 9 10000001
4 10 10000001
4 11 10000001
4 12 10000001
5 1 10000001
5 2 10000001
5 3 10000001
5 4 10000001
5 5 10000001
5 6 10000001
5 7 10000001
5 8 10000001
5 9 10000001
5 10 10000001
5 11 10000001
5 12 10000001
6 1 10000001
6 2 10000001
6 3 10000001
6 4 10000001
6 5 10000001
6 6 10000001
6 7 10000001
6 8 10000001
6 9 10000001
6 10 10000001
6 11 10000001
6 12 10000001
7 1 10000001
7 2 10000001
7 3 10000001
7 4 10000001
7 5 10000001
7 6 10000001
7 7 10000001
7 8 10000001
7 9 10000001
7 10 10000001
7 11 10000001
7 12 10000001
8 1 10000001
8 2 10000001
8 3 10000001
8 4 10000001
8 5 10000001
8 6 10000001
8 7 10000001
8 8 10000001
8 9 10000001
8 10 10000001
8 11 10000001
8 12 10000001
8 13 10000001
8 14 10000001
8 15 10000001
8 16 10000001
8 17 10000001
8 18 10000001
8 19 10000001
8 20 10000001
8 21 10000001
8 22 10000001
8 23 10000001
8 24 10000001
8 25 10000001
8 26 10000001
8 27 10000001
8 28 10000001
8 29 10000001
8 30 10000001
8 31 10000001
8 32 10000001
8 33 10000001
8 34 10000001
8 35 10000001
8 36 10000001
8 37 10000001
8 38 10000001
8 39 10000001
8 40 10000001
9 1 10000001
9 2 10000001
9 3 10000001
9 4 10000001
9 5 10000001
9 6 10000001
9 7 10000001
9 8 10000001
9 9 10000001
9 10 10000001
9 11 10000001
9 12 10000001
9 13 10000001
9 14 10000001
9 15 10000001
9 16 10000001
9 17 10000001
9 18 10000001
9 19 10000001
9 20 10000001
9 21 10000001
9 22 10000001
9 23 10000001
9 24 10000001
9 25 10000001
9 26 10000001
9 27 10000001
9 28 10000001
9 29 10000001
9 30 10000001
9 31 10000001
9 32 10000001
9 33 10000001
9 34 10000001
9 35 10000001
9 36 10000001
9 37 10000001
9 38 10000001
9 39 10000001
9 40 10000001
10 1 10000001
10 2 10000001
10 3 10000001
10 4 10000001
10 5 10000001
10 6 10000001
10 7 10000001
10 8 10000001
10 9 10000001
10 10 10000001
10 11 10000001
10 12 10000001
10 13 10000001
10 14 10000001
10 15 10000001
10 16 10000001
10 17 10000001
10 18 10000001
10 19 10000001
10 20 10000001
10 21 10000001
10 22 10000001
10 23 10000001
10 24 10000001
10 25 10000001
10 26 10000001
10 27 10000001
10 28 10000001
10 29 10000001
10 30 10000001
10 31 10000001
10 32 10000001
10 33 10000001
10 34 10000001
10 35 10000001
10 36 10000001
10 37 10000001
10 38 10000001
10 39 10000001
10 40 10000001
11 1 10000001
11 2 10000001
11 3 10000001
11 4 10000001
11 5 10000001
11 6 10000001
11 7 10000001
11 8 10000001
11 9 10000001
11 10 10000001
11 11 10000001
11 12 10000001
11 13 10000001
11 14 10000001
11 15 10000001
11 16 10000001
11 17 10000001
11 18 10000001
11 19 10000001
11 20 10000001
11 21 10000001
11 22 10000001
11 23 10000001
11 24 10000001
11 25 10000001
11 26 10000001
11 27 10000001
11 28 10000001
11 29 10000001
11 30 10000001
11 31 10000001
11 32 10000001
11 33 10000001
11 34 10000001
11 35 10000001
11 36 10000001
11 37 10000001
11 38 10000001
11 39 10000001
11 40 10000001
12 1 10000001
12 2 10000001
12 3 10000001
12 4 10000001
12 5 10000001
12 6 10000001
12 7 10000001
12 8 10000001
12 9 10000001
12 10 10000001
12 11 10000001
12 12 10000001
12 13 10000001
12 14 10000001
12 15 10000001
12 16 10000001
12 17 10000001
12 18 10000001
12 19 10000001
12 20 10000001
12 21 10000001
12 22 10000001
12 23 10000001
12 24 10000001
12 25 10000001
12 26 10000001
12 27 10000001
12 28 10000001
12 29 10000001
12 30 10000001
12 31 10000001
12 32 10000001
12 33 10000001
12 34 10000001
12 35 10000001
12 36 10000001
12 37 10000001
12 38 10000001
12 39 10000001
12 40 10000001
13 1 10000001
13 2 10000001
13 3 10000001
13 4 10000001
13 5 10000001
13 6 10000001
13 7 10000001
13 8 10000001
13 9 10000001
13 10 10000001
13 11 10000001
13 12 10000001
13 13 10000001
13 14 10000001
13 15 10000001
13 16 10000001
13 17 10000001
13 18 10000001
13 19 10000001
13 20 10000001
13 21 10000001
13 22 10000001
13 23 10000001
13 24 10000001
13 25 10000001
13 26 10000001
13 27 10000001
13 28 10000001
13 29 10000001
13 30 10000001
13 31 10000001
13 32 10000001
13 33 10000001
13 34 10000001
13 35 10000001
13 36 10000001
13 37 10000001
13 38 10000001
13 39 10000001
13 40 10000001
14 1 10000001
14 2 10000001
14 3 10000001
14 4 10000001
14 5 10000001
14 6 10000001
14 7 10000001
14 8 10000001
14 9 10000001
14 10 10000001
14 11 10000001
14 12 10000001
14 13 10000001
14 14 10000001
14 15 10000001
14 16 10000001
14 17 10000001
14 18 10000001
14 19 10000001
14 20 10000001
14 21 10000001
14 22 10000001
14 23 10000001
14 24 10000001
14 25 10000001
14 26 10000001
14 27 10000001
14 28 10000001
14 29 10000001
14 30 10000001
14 31 10000001
14 32 10000001
14 33 10000001
14 34 10000001
14 35 10000001
14 36 10000001
14 37 10000001
14 38 10000001
14 39 10000001
14 40 10000001
15 1 10000001
15 2 10000001
15 3 10000001
15 4 10000001
15 5 10000001
15 6 10000001
15 7 10000001
15 8 10000001
15 9 10000001
15 10 10000001
15 11 10000001
15 12 10000001
15 13 10000001
15 14 10000001
15 15 10000001
15 16 10000001
15 17 10000001
15 18 10000001
15 19 10000001
15 20 10000001
15 21 10000001
15 22 10000001
15 23 10000001
15 24 10000001
15 25 10000001
15 26 10000001
15 27 10000001
15 28 10000001
15 29 10000001
15 30 10000001
15 31 10000001
15 32 10000001
15 33 10000001
15 34 10000001
15 35 10000001
15 36 10000001
15 37 10000001
15 38 10000001
15 39 10000001
15 40 10000001
16 1 10000001
16 2 10000001
16 3 10000001
16 4 10000001
16 5 10000001
16 6 10000001
16 7 10000001
16 8 10000001
16 9 10000001
16 10 10000001
16 11 10000001
16 12 10000001
16 13 10000001
16 14 10000001
16 15 10000001
16 16 10000001
16 17 10000001
16 18 10000001
16 19 10000001
16 20 10000001
16 21 10000001
16 22 10000001
16 23 10000001
16 24 10000001
16 25 10000001
16 26 10000001
16 27 10000001
16 28 10000001
16 29 10000001
16 30 10000001
16 31 10000001
16 32 10000001
16 33 10000001
16 34 10000001
16 35 10000001
16 36 10000001
16 37 10000001
16 38 10000001
16 39 10000001
16 40 10000001
17 1 10000001
17 2 10000001
17 3 10000001
17 4 10000001
17 5 10000001
17 6 10000001
17 7 10000001
17 8 10000001
17 9 10000001
17 10 10000001
17 11 10000001
17 12 10000001
17 13 10000001
17 14 10000001
17 15 10000001
17 16 10000001
17 17 10000001
17 18 10000001
17 19 10000001
17 20 10000001
17 21 10000001
17 22 10000001
17 23 10000001
17 24 10000001
17 25 10000001
17 26 10000001
17 27 10000001
17 28 10000001
17 29 10000001
17 30 10000001
17 31 10000001
17 32 10000001
17 33 10000001
17 34 10000001
17 35 10000001
17 36 10000001
17 37 10000001
17 38 10000001
17 39 10000001
17 40 10000001
18 1 10000001
18 2 10000001
18 3 10000001
18 4 10000001
18 5 10000001
18 6 10000001
18 7 10000001
18 8 10000001
18 9 10000001
18 10 10000001
18 11 10000001
18 12 10000001
18 13 10000001
18 14 10000001
18 15 10000001
18 16 10000001
18 17 10000001
18 18 10000001
18 19 10000001
18 20 10000001
18 21 10000001
18 22 10000001
18 23 10000001
18 24 10000001
18 25 10000001
18 26 10000001
18 27 10000001
18 28 10000001
18 29 10000001
18 30 10000001
18 31 10000001
18 32 10000001
18 33 10000001
18 34 10000001
18 35 10000001
18 36 10000001
18 37 10000001
18 38 10000001
18 39 10000001
18 40 10000001
19 1 10000001
19 2 10000001
19 3 10000001
19 4 10000001
19 5 10000001
19 6 10000001
19 7 10000001
19 8 10000001
19 9 10000001
19 10 10000001
19 11 10000001
19 12 10000001
19 13 10000001
19 14 10000001
19 15 10000001
19 16 10000001
19 17 10000001
19 18 10000001
19 19 10000001
19 20 10000001
19 21 10000001
19 22 10000001
19 23 10000001
19 24 10000001
19 25 10000001
19 26 10000001
19 27 10000001
19 28 10000001
19 29 10000001
19 30 10000001
19 31 10000001
19 32 10000001
19 33 10000001
19 34 10000001
19 35 10000001
19 36 10000001
19 37 10000001
19 38 10000001
19 39 10000001
19 40 10000001
