3425
280 214 3 100 984804 0.000003
325 396 3 100 6530242 0.000005
169 205 3 100 88056 0.000006
371 25 3 100 6320191 0.000007
108 347 3 100 45927 0.000008
272 297 3 100 99418 0.000009
232 220 3 100 10949423 0.000009
278 237 3 100 74455 0.000009
251 194 3 100 1781 0.000011
197 337 3 100 74166 0.000012
197 179 3 100 3003066 0.000013
155 99 3 100 71752 0.000014
205 232 3 100 42838 0.000018
132 100 3 100 732753 0.000019
42 315 3 100 30166 0.000025
328 296 3 100 53649 0.000026
290 319 3 100 71486 0.000026
381 257 3 100 449561 0.000026
128 334 3 100 99053 0.000026
26 127 3 100 45494 0.000027
194 173 3 100 159012 0.000027
233 232 3 100 100118 0.000027
48 346 3 100 96875 0.000027
56 24 3 100 9380475 0.000028
69 287 3 100 32124 0.000029
277 137 3 100 20851 0.000034
200 320 3 100 40564 0.000037
127 315 3 100 11866126 0.000040
263 279 3 100 20537 0.000040
285 308 3 100 90995 0.000041
280 209 3 100 103141 0.000041
275 381 3 100 325743 0.000043
400 353 3 100 49352 0.000043
395 218 3 100 56209 0.000045
200 278 3 100 294569 0.000046
128 166 3 100 20429 0.000047
319 227 3 100 59506 0.000051
115 274 3 100 93198 0.000052
98 86 3 100 73364 0.000060
300 33 3 100 61630 0.000060
221 80 3 100 681333 0.000061
399 133 3 100 13796 0.000062
273 200 3 100 93168 0.000063
401 182 3 100 20132 0.000065
224 44 3 100 3262017 0.000065
320 367 3 100 11858019 0.000065
26 322 3 100 256921 0.000069
400 82 3 100 30637 0.000071
130 200 3 100 541756 0.000071
33 342 3 100 618015 0.000072
52 271 3 100 5380042 0.000073
227 314 3 100 75377 0.000075
191 372 3 100 84531 0.000075
32 233 3 100 29337 0.000075
291 357 3 100 79248 0.000076
48 233 3 100 29868 0.000076
191 43 3 100 990676 0.000077
177 160 3 100 6522540 0.000077
375 212 3 100 530967 0.000080
117 177 3 100 50849 0.000082
350 40 3 100 25069 0.000082
85 57 3 100 69306 0.000082
263 72 3 100 118199 0.000083
37 106 3 100 29544 0.000083
142 72 3 100 84850 0.000085
100 103 3 100 29547 0.000086
348 164 3 100 8471498 0.000088
172 128 3 100 535124 0.000091
373 128 3 100 449216 0.000093
178 170 3 100 32248 0.000096
271 340 3 100 5213808 0.000100
65 92 3 100 37109 0.000103
108 309 3 100 964192 0.000105
340 329 3 100 99674 0.000106
39 107 3 100 17761 0.000111
237 395 3 100 100673 0.000114
394 365 3 100 11232 0.000114
299 195 3 100 3137150 0.000114
388 399 3 100 6606810 0.000115
286 99 3 100 18437 0.000118
48 118 3 100 44838 0.000119
282 148 3 100 82137 0.000119
139 106 3 100 84213 0.000125
324 292 3 100 410960 0.000126
390 91 3 100 87330 0.000126
354 190 3 100 56409 0.000129
98 78 3 100 790341 0.000129
130 273 3 100 4183528 0.000132
184 338 3 100 11578731 0.000134
303 259 3 100 30352 0.000135
23 242 3 100 8563957 0.000136
255 157 3 100 6487071 0.000137
132 181 3 100 27204 0.000138
54 21 3 100 6805926 0.000139
81 256 3 100 23437 0.000139
41 285 3 100 61784 0.000142
27 166 3 100 43182 0.000143
267 142 3 100 8456932 0.000143
41 367 3 100 35231 0.000143
231 314 3 100 95908 0.000143
30 78 3 100 8514 0.000144
393 242 3 100 52735 0.000145
203 400 3 100 7501898 0.000146
128 290 3 100 999874 0.000147
141 99 3 100 14304 0.000147
333 352 3 100 69163 0.000148
44 295 3 100 86005 0.000150
84 172 3 100 4113000 0.000154
353 76 3 100 11871237 0.000155
378 58 3 100 67866 0.000158
311 40 3 100 12142679 0.000158
225 290 3 100 12956 0.000162
45 275 3 100 73074 0.000164
136 303 3 100 98805 0.000164
25 234 3 100 7476330 0.000166
139 338 3 100 248471 0.000166
161 173 3 100 1004414 0.000167
84 391 3 100 67610 0.000170
402 22 3 100 24607 0.000172
302 33 3 100 9159 0.000173
108 282 3 100 37461 0.000174
289 132 3 100 6761 0.000174
20 178 3 100 55080 0.000174
104 192 3 100 41869 0.000176
238 46 3 100 386792 0.000177
158 287 3 100 100751 0.000177
169 106 3 100 79744 0.000178
234 134 3 100 5756869 0.000178
178 372 3 100 4297 0.000181
209 282 3 100 1002934 0.000182
73 246 3 100 3810706 0.000184
133 71 3 100 22805 0.000185
181 39 3 100 43137 0.000187
278 77 3 100 977583 0.000190
354 332 3 100 555377 0.000194
279 143 3 100 29582 0.000194
54 87 3 100 4691343 0.000194
228 285 3 100 89534 0.000194
301 61 3 100 9124180 0.000195
344 109 3 100 89358 0.000197
25 133 3 100 18641 0.000198
392 216 3 100 7684799 0.000201
201 265 3 100 64181 0.000201
299 114 3 100 768110 0.000202
377 317 3 100 31132 0.000202
175 270 3 100 112695 0.000203
66 56 3 100 53864 0.000203
338 259 3 100 10054176 0.000204
230 126 3 100 4632 0.000205
359 72 3 100 94503 0.000205
152 135 3 100 525579 0.000207
207 107 3 100 20154 0.000208
37 72 3 100 85154 0.000209
135 64 3 100 48914 0.000211
108 250 3 100 58416 0.000211
288 251 3 100 490135 0.000211
362 230 3 100 15762 0.000212
307 362 3 100 63253 0.000213
112 278 3 100 17329 0.000216
256 38 3 100 800842 0.000218
181 56 3 100 14904 0.000219
193 300 3 100 7569448 0.000220
180 177 3 100 441752 0.000220
401 390 3 100 82257 0.000223
274 95 3 100 14904 0.000225
44 281 3 100 7484398 0.000225
41 278 3 100 98769 0.000228
215 191 3 100 9436613 0.000229
176 352 3 100 10308229 0.000232
358 259 3 100 103445 0.000236
257 337 3 100 43441 0.000236
390 75 3 100 54099 0.000236
123 380 3 100 2280 0.000237
259 34 3 100 190219 0.000239
252 209 3 100 459328 0.000239
135 250 3 100 9666 0.000241
241 218 3 100 89424 0.000244
126 279 3 100 64123 0.000249
154 219 3 100 66150 0.000249
402 28 3 100 101373 0.000250
325 226 3 100 679815 0.000253
153 45 3 100 567320 0.000254
224 194 3 100 62035 0.000259
182 116 3 100 198013 0.000259
144 369 3 100 21810 0.000259
206 223 3 100 66506 0.000259
56 364 3 100 91540 0.000259
35 88 3 100 8553161 0.000260
376 262 3 100 89696 0.000261
391 78 3 100 455848 0.000261
88 266 3 100 42860 0.000263
314 208 3 100 5673057 0.000266
364 202 3 100 5430 0.000268
391 372 3 100 510960 0.000268
187 387 3 100 33802 0.000269
330 399 3 100 22201 0.000274
100 314 3 100 100796 0.000275
196 223 3 100 96640 0.000276
206 260 3 100 10618947 0.000279
243 391 3 100 81474 0.000285
364 244 3 100 822458 0.000286
41 132 3 100 6798 0.000289
214 191 3 100 79110 0.000289
340 179 3 100 637358 0.000290
322 286 3 100 19692 0.000292
70 212 3 100 91886 0.000293
142 102 3 100 8640180 0.000293
179 233 3 100 22263 0.000297
332 136 3 100 1046385 0.000299
151 167 3 100 96844 0.000300
309 71 3 100 94261 0.000306
249 384 3 100 67881 0.000307
116 286 3 100 10686778 0.000309
140 127 3 100 616251 0.000312
59 198 3 100 652 0.000314
358 25 3 100 79143 0.000316
144 270 3 100 33117 0.000319
97 84 3 100 41186 0.000324
41 117 3 100 27542 0.000325
349 65 3 100 76173 0.000327
152 67 3 100 2436 0.000331
216 389 3 100 100510 0.000332
294 391 3 100 6000855 0.000332
70 392 3 100 42760 0.000335
278 235 3 100 7042865 0.000340
128 286 3 100 90573 0.000344
206 253 3 100 1036314 0.000344
292 378 3 100 4837548 0.000348
108 178 3 100 751 0.000351
369 202 3 100 79793 0.000359
396 330 3 100 1509 0.000359
375 119 3 100 648392 0.000359
331 314 3 100 55517 0.000359
62 336 3 100 176819 0.000361
87 78 3 100 62979 0.000362
23 93 3 100 11359782 0.000362
53 52 3 100 437667 0.000363
334 399 3 100 6494653 0.000364
211 270 3 100 76468 0.000367
290 219 3 100 58294 0.000370
34 114 3 100 99131 0.000370
349 234 3 100 5448239 0.000371
214 306 3 100 44109 0.000375
56 87 3 100 10605099 0.000375
141 346 3 100 11038905 0.000376
250 281 3 100 5940629 0.000376
165 176 3 100 7628 0.000377
132 188 3 100 49069 0.000377
402 152 3 100 1038 0.000378
190 211 3 100 45368 0.000380
362 99 3 100 103356 0.000380
92 282 3 100 51331 0.000381
381 292 3 100 19137 0.000381
305 28 3 100 13740 0.000383
128 329 3 100 6700 0.000383
392 232 3 100 8878936 0.000385
180 42 3 100 21303 0.000386
225 77 3 100 27175 0.000388
175 236 3 100 28187 0.000389
292 238 3 100 76337 0.000392
83 355 3 100 9595631 0.000393
403 369 3 100 3309504 0.000393
226 369 3 100 22673 0.000394
71 369 3 100 3796970 0.000394
22 199 3 100 40537 0.000395
70 239 3 100 64761 0.000396
210 20 3 100 26367 0.000396
68 167 3 100 21527 0.000396
64 180 3 100 659279 0.000401
158 338 3 100 63494 0.000402
322 374 3 100 7780405 0.000402
328 121 3 100 464267 0.000402
41 132 3 100 21048 0.000403
231 204 3 100 64698 0.000403
355 357 3 100 36828 0.000404
69 213 3 100 45364 0.000405
262 310 3 100 64973 0.000405
175 369 3 100 69933 0.000406
280 158 3 100 1003598 0.000407
212 66 3 100 25421 0.000411
201 152 3 100 93296 0.000411
351 365 3 100 28626 0.000412
319 399 3 100 77807 0.000413
362 398 3 100 9116448 0.000416
186 328 3 100 322593 0.000417
163 64 3 100 4626700 0.000418
303 374 3 100 362249 0.000418
28 50 3 100 26236 0.000421
187 351 3 100 85323 0.000422
304 242 3 100 35222 0.000423
361 64 3 100 87360 0.000430
287 144 3 100 104472 0.000431
46 243 3 100 43329 0.000432
292 345 3 100 371276 0.000434
299 168 3 100 47282 0.000435
308 61 3 100 7529941 0.000437
351 99 3 100 51931 0.000438
403 323 3 100 41550 0.000445
65 154 3 100 10203235 0.000445
308 28 3 100 867420 0.000446
313 263 3 100 79704 0.000447
21 153 3 100 6808364 0.000448
201 166 3 100 27294 0.000448
129 219 3 100 480958 0.000451
365 294 3 100 101208 0.000452
148 36 3 100 12193074 0.000455
369 156 3 100 39453 0.000455
137 72 3 100 34044 0.000456
225 354 3 100 49472 0.000458
329 307 3 100 51714 0.000458
184 387 3 100 72438 0.000459
246 248 3 100 46235 0.000459
294 167 3 100 8195341 0.000459
21 364 3 100 54362 0.000463
370 371 3 100 49031 0.000465
203 186 3 100 7859959 0.000467
163 53 3 100 505964 0.000470
249 232 3 100 858393 0.000472
360 153 3 100 48460 0.000472
81 310 3 100 4203034 0.000474
309 183 3 100 932283 0.000479
73 34 3 100 7774893 0.000479
236 402 3 100 461296 0.000482
28 32 3 100 10856 0.000483
273 343 3 100 944138 0.000487
213 195 3 100 79936 0.000487
316 329 3 100 85902 0.000489
349 204 3 100 58523 0.000490
329 115 3 100 60032 0.000491
294 35 3 100 8110732 0.000491
400 149 3 100 8172986 0.000492
197 309 3 100 716731 0.000492
154 141 3 100 96622 0.000496
50 169 3 100 50652 0.000498
116 270 3 100 42341 0.000499
254 224 3 100 29054 0.000499
143 39 3 100 5618152 0.000503
259 301 3 100 24457 0.000506
337 112 3 100 62925 0.000506
42 315 3 100 7794600 0.000507
108 231 3 100 47434 0.000507
233 109 3 100 6642718 0.000508
373 153 3 100 891313 0.000510
110 77 3 100 8994664 0.000513
169 259 3 100 78228 0.000513
39 84 3 100 35071 0.000514
314 244 3 100 78275 0.000517
363 288 3 100 12264 0.000518
285 307 3 100 1032068 0.000518
46 316 3 100 3113368 0.000520
263 324 3 100 7290945 0.000520
46 35 3 100 981159 0.000521
134 289 3 100 4194857 0.000521
241 170 3 100 67032 0.000522
371 269 3 100 729260 0.000522
267 71 3 100 99021 0.000523
247 188 3 100 30833 0.000523
331 165 3 100 100727 0.000526
403 344 3 100 16469 0.000526
103 189 3 100 81393 0.000529
369 82 3 100 992630 0.000530
316 402 3 100 249535 0.000531
107 26 3 100 376667 0.000531
111 394 3 100 11849314 0.000535
200 88 3 100 888758 0.000542
310 129 3 100 84604 0.000543
379 350 3 100 542614 0.000545
193 297 3 100 18595 0.000545
220 142 3 100 56031 0.000546
87 109 3 100 12866 0.000546
380 162 3 100 11609006 0.000549
185 221 3 100 30687 0.000549
352 206 3 100 5660764 0.000550
293 104 3 100 4289725 0.000554
308 333 3 100 43377 0.000556
81 378 3 100 59688 0.000557
29 78 3 100 18830 0.000558
172 209 3 100 100021 0.000559
152 189 3 100 4956304 0.000559
38 72 3 100 9285187 0.000561
98 42 3 100 22886 0.000562
59 301 3 100 5761187 0.000562
277 347 3 100 60919 0.000565
172 321 3 100 10784927 0.000566
97 308 3 100 41942 0.000567
125 162 3 100 995004 0.000570
345 134 3 100 4086809 0.000571
282 243 3 100 5583188 0.000573
354 317 3 100 23594 0.000574
301 206 3 100 52409 0.000576
154 115 3 100 44591 0.000577
181 393 3 100 36110 0.000578
298 85 3 100 893202 0.000578
38 313 3 100 102352 0.000578
33 133 3 100 81463 0.000581
273 136 3 100 82175 0.000586
214 212 3 100 103696 0.000587
198 282 3 100 101965 0.000588
399 173 3 100 522487 0.000590
179 141 3 100 388388 0.000590
304 257 3 100 727365 0.000592
46 402 3 100 34560 0.000593
373 295 3 100 95044 0.000593
338 152 3 100 49097 0.000596
369 249 3 100 60304 0.000596
318 350 3 100 7110473 0.000597
243 221 3 100 7598314 0.000598
245 170 3 100 318451 0.000600
340 391 3 100 57744 0.000602
90 262 3 100 5761402 0.000603
88 101 3 100 19908 0.000603
369 79 3 100 49770 0.000605
83 262 3 100 11195976 0.000608
200 381 3 100 11177403 0.000609
391 103 3 100 796016 0.000610
192 220 3 100 7308064 0.000610
176 367 3 100 79749 0.000611
358 46 3 100 706372 0.000614
111 164 3 100 367044 0.000615
312 186 3 100 536939 0.000616
185 162 3 100 52709 0.000617
98 32 3 100 9225555 0.000617
145 117 3 100 46886 0.000617
68 396 3 100 923905 0.000617
338 332 3 100 85271 0.000620
307 26 3 100 29825 0.000621
52 399 3 100 4350 0.000621
55 180 3 100 98675 0.000622
64 271 3 100 87598 0.000624
42 358 3 100 439 0.000626
234 376 3 100 7953462 0.000626
193 328 3 100 10177024 0.000626
150 58 3 100 28280 0.000629
366 106 3 100 47179 0.000630
275 151 3 100 5171852 0.000630
164 330 3 100 348109 0.000631
213 205 3 100 56054 0.000631
55 113 3 100 452075 0.000632
124 354 3 100 396422 0.000632
270 311 3 100 90987 0.000632
391 49 3 100 5569035 0.000633
201 338 3 100 55719 0.000633
250 264 3 100 32851 0.000634
347 234 3 100 781763 0.000634
70 317 3 100 147 0.000635
45 261 3 100 48190 0.000636
294 340 3 100 9156231 0.000636
106 167 3 100 6008 0.000637
322 283 3 100 45103 0.000638
25 347 3 100 56066 0.000638
48 27 3 100 24351 0.000638
52 354 3 100 4514769 0.000639
155 187 3 100 38654 0.000641
57 85 3 100 37950 0.000642
87 129 3 100 144409 0.000645
335 220 3 100 934551 0.000646
99 250 3 100 60596 0.000648
241 252 3 100 78904 0.000650
28 59 3 100 10189 0.000651
263 84 3 100 97258 0.000653
366 303 3 100 62332 0.000656
189 139 3 100 4525522 0.000657
210 160 3 100 36 0.000658
248 84 3 100 59952 0.000658
149 73 3 100 51060 0.000659
280 78 3 100 76480 0.000661
69 167 3 100 5231 0.000662
113 250 3 100 38963 0.000662
63 401 3 100 40367 0.000664
144 180 3 100 60665 0.000664
29 84 3 100 97779 0.000664
334 119 3 100 7649113 0.000665
51 136 3 100 827072 0.000666
69 235 3 100 780387 0.000668
156 169 3 100 66736 0.000670
283 241 3 100 96443 0.000671
304 336 3 100 18747 0.000672
86 225 3 100 85753 0.000672
349 395 3 100 57342 0.000678
285 327 3 100 3969 0.000679
55 66 3 100 60391 0.000680
293 51 3 100 19266 0.000680
50 401 3 100 102855 0.000683
184 81 3 100 72927 0.000684
22 132 3 100 15737 0.000685
224 390 3 100 352991 0.000687
103 36 3 100 43739 0.000688
226 374 3 100 1405 0.000688
107 167 3 100 6577289 0.000691
285 355 3 100 74305 0.000692
181 24 3 100 3665 0.000695
313 326 3 100 46569 0.000696
127 57 3 100 167738 0.000696
128 207 3 100 53362 0.000703
76 172 3 100 418111 0.000704
181 216 3 100 87936 0.000704
267 181 3 100 45123 0.000704
92 101 3 100 13086 0.000706
160 314 3 100 32214 0.000712
306 359 3 100 170709 0.000713
85 32 3 100 41865 0.000713
176 136 3 100 902626 0.000716
199 63 3 100 52448 0.000717
292 192 3 100 27106 0.000718
256 104 3 100 84210 0.000718
340 29 3 100 979608 0.000720
216 112 3 100 9641907 0.000720
318 174 3 100 17404 0.000722
314 71 3 100 82714 0.000722
46 44 3 100 56484 0.000724
314 322 3 100 11783233 0.000727
188 209 3 100 12313600 0.000729
35 331 3 100 10579615 0.000730
160 298 3 100 2841 0.000730
242 46 3 100 39491 0.000734
308 313 3 100 407731 0.000734
25 40 3 100 39388 0.000736
120 200 3 100 70693 0.000738
117 349 3 100 53065 0.000738
339 193 3 100 56545 0.000747
124 126 3 100 32928 0.000748
309 345 3 100 41064 0.000752
23 243 3 100 58632 0.000754
21 369 3 100 77749 0.000754
34 295 3 100 17952 0.000754
285 226 3 100 33022 0.000756
307 119 3 100 71090 0.000760
318 329 3 100 994823 0.000762
151 28 3 100 874533 0.000762
56 137 3 100 29650 0.000763
98 44 3 100 888762 0.000763
147 277 3 100 77766 0.000764
125 181 3 100 44325 0.000769
87 58 3 100 63683 0.000772
275 103 3 100 51224 0.000774
99 45 3 100 10988786 0.000775
333 326 3 100 12159794 0.000776
29 215 3 100 98378 0.000776
374 137 3 100 7243677 0.000776
81 339 3 100 25703 0.000777
251 196 3 100 82602 0.000779
163 168 3 100 590261 0.000779
308 226 3 100 428486 0.000780
98 97 3 100 67246 0.000781
212 199 3 100 86245 0.000786
248 83 3 100 993832 0.000787
127 386 3 100 27552 0.000788
152 316 3 100 393706 0.000788
271 126 3 100 4506 0.000790
299 22 3 100 4298742 0.000790
163 349 3 100 18330 0.000791
358 377 3 100 9092 0.000794
238 295 3 100 177890 0.000795
179 209 3 100 44748 0.000796
142 381 3 100 154663 0.000796
115 327 3 100 80680 0.000797
43 161 3 100 72753 0.000800
101 249 3 100 662369 0.000802
288 190 3 100 10457173 0.000803
48 261 3 100 156278 0.000803
188 201 3 100 27240 0.000806
89 224 3 100 89651 0.000806
107 385 3 100 55273 0.000806
157 320 3 100 45280 0.000807
361 120 3 100 59259 0.000808
380 158 3 100 81599 0.000808
75 114 3 100 74747 0.000808
338 198 3 100 133808 0.000810
116 220 3 100 89289 0.000810
391 255 3 100 7519246 0.000810
88 113 3 100 39396 0.000811
96 259 3 100 5235968 0.000812
385 358 3 100 62880 0.000813
150 252 3 100 12235435 0.000814
196 346 3 100 88808 0.000818
89 288 3 100 5964324 0.000819
356 307 3 100 260721 0.000819
62 356 3 100 104525 0.000822
65 227 3 100 7273 0.000822
380 165 3 100 935643 0.000822
107 283 3 100 100082 0.000823
93 290 3 100 52498 0.000825
168 370 3 100 3777882 0.000827
379 136 3 100 86212 0.000830
295 342 3 100 1458 0.000830
314 162 3 100 3031206 0.000832
272 174 3 100 36624 0.000833
403 235 3 100 941906 0.000836
251 42 3 100 43190 0.000842
90 137 3 100 24248 0.000842
167 331 3 100 12144473 0.000842
239 341 3 100 64816 0.000842
141 184 3 100 75444 0.000843
117 38 3 100 64797 0.000844
50 369 3 100 6297818 0.000844
95 80 3 100 480739 0.000844
352 66 3 100 86214 0.000849
100 267 3 100 66549 0.000849
116 218 3 100 49455 0.000850
333 118 3 100 34898 0.000852
144 325 3 100 204046 0.000852
36 265 3 100 10819 0.000852
236 342 3 100 11906202 0.000854
342 44 3 100 731365 0.000855
361 178 3 100 72183 0.000856
181 291 3 100 66672 0.000857
102 68 3 100 19127 0.000859
187 73 3 100 43217 0.000860
326 315 3 100 10010445 0.000862
295 32 3 100 10816560 0.000863
159 167 3 100 58851 0.000864
113 291 3 100 62215 0.000864
57 276 3 100 14045 0.000865
376 84 3 100 260164 0.000867
308 95 3 100 83650 0.000867
192 166 3 100 188480 0.000867
274 336 3 100 859788 0.000870
183 24 3 100 99640 0.000871
216 53 3 100 34966 0.000871
33 183 3 100 84703 0.000874
283 57 3 100 84423 0.000874
83 87 3 100 3460564 0.000875
172 116 3 100 78629 0.000877
239 78 3 100 80062 0.000880
140 129 3 100 83146 0.000880
198 271 3 100 90793 0.000882
342 250 3 100 38395 0.000882
299 63 3 100 68067 0.000883
355 93 3 100 86187 0.000883
249 190 3 100 237291 0.000883
351 380 3 100 7498350 0.000885
302 166 3 100 80659 0.000885
343 115 3 100 927623 0.000889
298 309 3 100 918855 0.000891
54 174 3 100 58038 0.000892
234 100 3 100 26221 0.000892
369 180 3 100 94637 0.000893
105 295 3 100 100839 0.000894
245 294 3 100 5597550 0.000896
393 176 3 100 95583 0.000899
336 262 3 100 55634 0.000900
343 394 3 100 7506035 0.000901
233 305 3 100 859082 0.000901
397 59 3 100 65399 0.000902
100 270 3 100 15561 0.000902
242 378 3 100 8561448 0.000902
210 162 3 100 31411 0.000903
354 318 3 100 256 0.000904
367 321 3 100 13587 0.000904
105 374 3 100 4554575 0.000904
312 235 3 100 851 0.000906
24 357 3 100 7175924 0.000908
197 271 3 100 96583 0.000909
271 92 3 100 39891 0.000909
24 268 3 100 11719433 0.000911
60 172 3 100 12924 0.000911
206 227 3 100 49900 0.000911
146 321 3 100 8279481 0.000912
323 298 3 100 489978 0.000919
174 96 3 100 4512521 0.000919
331 166 3 100 5988 0.000919
287 382 3 100 66265 0.000922
166 260 3 100 8559134 0.000922
101 224 3 100 9848644 0.000924
338 169 3 100 75042 0.000929
402 327 3 100 84262 0.000931
263 347 3 100 15373 0.000932
236 36 3 100 33034 0.000934
341 269 3 100 16301 0.000937
241 174 3 100 80564 0.000938
377 365 3 100 8763907 0.000939
231 67 3 100 54158 0.000940
389 367 3 100 1015151 0.000942
305 391 3 100 86583 0.000942
357 227 3 100 8343475 0.000943
172 37 3 100 58667 0.000943
165 183 3 100 783158 0.000943
269 258 3 100 6081520 0.000943
400 133 3 100 8268505 0.000943
144 337 3 100 10925 0.000944
60 337 3 100 25584 0.000944
91 71 3 100 39529 0.000945
31 403 3 100 3922210 0.000945
89 348 3 100 16598 0.000949
251 319 3 100 18700 0.000949
88 189 3 100 90183 0.000950
326 282 3 100 33385 0.000950
180 315 3 100 58031 0.000953
209 52 3 100 4010485 0.000956
51 361 3 100 9597893 0.000957
346 246 3 100 26208 0.000958
251 222 3 100 9885883 0.000961
33 211 3 100 16464 0.000966
353 345 3 100 21248 0.000966
381 68 3 100 345931 0.000966
108 42 3 100 6130862 0.000968
339 398 3 100 3534724 0.000969
207 238 3 100 1415 0.000971
131 78 3 100 9055 0.000977
238 272 3 100 1776 0.000980
237 257 3 100 10950749 0.000980
221 42 3 100 1037289 0.000980
212 89 3 100 67605 0.000981
263 34 3 100 551614 0.000983
230 191 3 100 7874782 0.000986
48 26 3 100 47132 0.000986
164 151 3 100 8467037 0.000988
382 308 3 100 133013 0.000990
207 175 3 100 3368577 0.000991
24 109 3 100 88817 0.000991
271 388 3 100 1196 0.000991
87 375 3 100 45974 0.000991
71 113 3 100 92297 0.000993
281 37 3 100 512352 0.001000
177 37 3 100 512883 0.001000
175 37 3 100 512161 0.001000
122 37 3 100 512498 0.001000
53 37 3 100 512165 0.001000
301 37 3 100 512566 0.001000
86 37 3 100 512467 0.001000
252 37 3 100 512683 0.001000
94 37 3 100 512404 0.001000
57 37 3 100 512819 0.001000
401 37 3 100 512081 0.001000
389 37 3 100 512961 0.001000
214 37 3 100 512750 0.001000
397 37 3 100 512119 0.001000
372 37 3 100 512897 0.001000
309 37 3 100 512749 0.001000
24 37 3 100 512476 0.001000
149 37 3 100 512914 0.001000
342 37 3 100 512295 0.001000
244 37 3 100 512927 0.001000
381 37 3 100 512636 0.001000
201 37 3 100 512456 0.001000
68 37 3 100 512295 0.001000
328 37 3 100 512927 0.001000
373 37 3 100 512406 0.001000
85 37 3 100 512524 0.001000
341 37 3 100 513010 0.001000
317 37 3 100 512332 0.001000
335 37 3 100 512494 0.001000
253 37 3 100 512394 0.001000
227 37 3 100 512928 0.001000
77 37 3 100 512369 0.001000
84 37 3 100 512911 0.001000
254 37 3 100 512100 0.001000
131 37 3 100 512832 0.001000
88 37 3 100 512199 0.001000
113 37 3 100 512198 0.001000
180 37 3 100 512095 0.001000
196 37 3 100 512450 0.001000
25 37 3 100 512922 0.001000
140 37 3 100 512684 0.001000
343 37 3 100 512182 0.001000
65 37 3 100 512408 0.001000
75 37 3 100 512622 0.001000
60 37 3 100 512780 0.001000
187 37 3 100 512348 0.001000
46 37 3 100 512268 0.001000
379 37 3 100 512061 0.001000
82 37 3 100 512696 0.001000
213 37 3 100 512796 0.001000
210 70 3 100 91758 0.001001
144 384 3 100 16715 0.001001
301 324 3 100 100931 0.001002
332 394 3 100 31969 0.001002
344 281 3 100 32595 0.001002
149 159 3 100 324337 0.001004
365 286 3 100 45858 0.001005
239 372 3 100 989236 0.001006
118 297 3 100 174001 0.001006
257 75 3 100 10787863 0.001007
122 160 3 100 86239 0.001007
136 368 3 100 13571 0.001008
143 84 3 100 30587 0.001009
139 209 3 100 118791 0.001009
382 23 3 100 93858 0.001014
233 93 3 100 79804 0.001014
360 38 3 100 57106 0.001015
152 229 3 100 11485496 0.001020
42 128 3 100 17215 0.001021
309 247 3 100 962933 0.001021
23 111 3 100 79063 0.001022
299 129 3 100 103925 0.001023
107 283 3 100 97152 0.001034
166 107 3 100 48391 0.001034
330 36 3 100 5317842 0.001038
313 211 3 100 6632336 0.001040
52 90 3 100 11554860 0.001043
201 71 3 100 65093 0.001045
274 324 3 100 58783 0.001047
231 326 3 100 6748584 0.001047
389 358 3 100 10877 0.001048
56 194 3 100 8140 0.001048
174 147 3 100 103914 0.001048
124 220 3 100 68217 0.001049
400 128 3 100 64742 0.001050
327 203 3 100 11432994 0.001051
204 151 3 100 80799 0.001052
249 209 3 100 3415046 0.001052
284 376 3 100 787126 0.001063
88 144 3 100 966246 0.001071
288 160 3 100 100367 0.001072
203 357 3 100 43691 0.001072
157 140 3 100 87377 0.001076
167 333 3 100 101160 0.001077
177 358 3 100 40696 0.001077
364 215 3 100 70952 0.001084
69 169 3 100 4645952 0.001085
178 214 3 100 72355 0.001086
263 212 3 100 576046 0.001086
138 277 3 100 279843 0.001086
270 387 3 100 803170 0.001087
359 43 3 100 91059 0.001088
272 122 3 100 42113 0.001094
245 194 3 100 70879 0.001094
290 53 3 100 50972 0.001094
303 211 3 100 47006 0.001094
100 202 3 100 10881290 0.001096
190 108 3 100 527306 0.001097
32 94 3 100 515417 0.001097
292 189 3 100 2488 0.001100
239 397 3 100 963035 0.001102
287 254 3 100 85203 0.001102
312 299 3 100 29972 0.001103
210 68 3 100 6298801 0.001104
233 170 3 100 9682591 0.001104
390 134 3 100 6496936 0.001105
71 253 3 100 84285 0.001107
107 310 3 100 13697 0.001107
21 201 3 100 95974 0.001108
265 391 3 100 81714 0.001109
177 125 3 100 82179 0.001110
150 400 3 100 76499 0.001110
187 365 3 100 1030361 0.001111
214 207 3 100 14513 0.001113
102 331 3 100 388430 0.001113
137 138 3 100 40296 0.001114
365 235 3 100 57557 0.001115
139 320 3 100 80630 0.001116
34 352 3 100 9330 0.001116
71 253 3 100 68899 0.001117
264 371 3 100 13405 0.001117
185 118 3 100 63090 0.001122
191 311 3 100 50557 0.001124
224 336 3 100 10234773 0.001125
381 196 3 100 1050 0.001127
350 403 3 100 3834928 0.001130
25 93 3 100 12980 0.001132
51 178 3 100 4818683 0.001134
318 386 3 100 62856 0.001134
246 217 3 100 627878 0.001134
400 307 3 100 6010351 0.001135
107 94 3 100 565081 0.001135
189 310 3 100 901566 0.001140
329 321 3 100 44103 0.001140
52 294 3 100 53953 0.001145
393 149 3 100 8504359 0.001146
194 256 3 100 41712 0.001148
187 379 3 100 74289 0.001149
337 398 3 100 76905 0.001153
72 22 3 100 221736 0.001154
316 398 3 100 492972 0.001154
134 213 3 100 11707061 0.001156
340 63 3 100 65514 0.001159
41 224 3 100 65179 0.001159
288 248 3 100 27396 0.001161
104 116 3 100 100090 0.001162
122 361 3 100 83360 0.001162
52 223 3 100 48539 0.001165
212 41 3 100 576758 0.001166
258 51 3 100 2525 0.001167
48 52 3 100 49526 0.001169
369 179 3 100 47431 0.001170
262 243 3 100 29192 0.001174
158 186 3 100 847880 0.001179
352 104 3 100 7074 0.001181
26 116 3 100 38918 0.001183
260 401 3 100 103569 0.001183
365 263 3 100 9906849 0.001184
271 169 3 100 15846 0.001184
235 299 3 100 11094780 0.001184
30 332 3 100 51826 0.001186
324 176 3 100 9072400 0.001186
114 253 3 100 59928 0.001186
302 337 3 100 25242 0.001187
34 378 3 100 47136 0.001188
48 293 3 100 82531 0.001191
345 321 3 100 86211 0.001191
379 97 3 100 39879 0.001195
70 288 3 100 1074 0.001197
250 107 3 100 77972 0.001198
22 34 3 100 18610 0.001199
30 384 3 100 995690 0.001200
340 89 3 100 83341 0.001201
22 394 3 100 422366 0.001202
397 36 3 100 68362 0.001203
156 374 3 100 11709786 0.001205
52 312 3 100 102034 0.001206
139 126 3 100 103403 0.001211
132 24 3 100 10383824 0.001211
129 113 3 100 9222646 0.001212
313 342 3 100 811998 0.001212
235 48 3 100 27004 0.001213
215 144 3 100 96949 0.001214
333 338 3 100 43048 0.001215
286 210 3 100 96623 0.001216
135 111 3 100 965108 0.001217
247 190 3 100 4620458 0.001218
318 365 3 100 47201 0.001219
350 138 3 100 9454565 0.001221
304 277 3 100 83546 0.001222
151 296 3 100 22764 0.001223
126 185 3 100 45189 0.001224
187 311 3 100 878553 0.001226
131 196 3 100 3167258 0.001227
68 31 3 100 8756460 0.001228
317 67 3 100 522086 0.001229
121 164 3 100 13505 0.001235
181 87 3 100 82331 0.001235
31 172 3 100 69021 0.001235
99 364 3 100 747296 0.001236
209 32 3 100 632284 0.001238
312 388 3 100 342527 0.001240
211 69 3 100 11394420 0.001241
93 149 3 100 32471 0.001243
179 84 3 100 11130071 0.001243
119 90 3 100 6922292 0.001248
384 283 3 100 82125 0.001250
121 207 3 100 101025 0.001251
289 365 3 100 96182 0.001252
351 85 3 100 3546907 0.001253
325 80 3 100 902181 0.001254
353 274 3 100 6167848 0.001255
52 188 3 100 9047169 0.001259
30 209 3 100 5564864 0.001267
197 384 3 100 21822 0.001269
200 175 3 100 80861 0.001280
155 106 3 100 51058 0.001282
294 340 3 100 4957769 0.001284
310 93 3 100 71024 0.001286
221 21 3 100 98298 0.001287
80 201 3 100 4701313 0.001287
319 164 3 100 80719 0.001288
291 136 3 100 6933 0.001288
119 224 3 100 11073932 0.001288
244 233 3 100 6000170 0.001289
34 359 3 100 585879 0.001290
183 234 3 100 60914 0.001290
186 74 3 100 269528 0.001293
97 61 3 100 1218 0.001294
149 343 3 100 950704 0.001295
164 202 3 100 82128 0.001298
56 280 3 100 73835 0.001300
79 380 3 100 850311 0.001301
326 212 3 100 693920 0.001303
194 268 3 100 7882399 0.001307
33 125 3 100 69642 0.001307
284 130 3 100 979058 0.001307
165 381 3 100 22782 0.001308
100 36 3 100 1028764 0.001310
390 33 3 100 85371 0.001312
157 84 3 100 5174818 0.001312
106 48 3 100 51130 0.001313
377 174 3 100 7149559 0.001313
380 235 3 100 1520 0.001313
168 347 3 100 23644 0.001318
57 152 3 100 12311 0.001319
82 321 3 100 83507 0.001319
184 60 3 100 93257 0.001322
301 331 3 100 84995 0.001323
136 30 3 100 11377946 0.001325
255 348 3 100 993399 0.001326
228 20 3 100 6419339 0.001328
62 274 3 100 15603 0.001331
189 125 3 100 52128 0.001333
307 291 3 100 642859 0.001335
223 156 3 100 11002635 0.001335
35 328 3 100 24766 0.001336
291 219 3 100 4473543 0.001337
399 22 3 100 930933 0.001338
294 264 3 100 655197 0.001338
145 176 3 100 1038409 0.001341
337 182 3 100 89796 0.001341
261 79 3 100 84927 0.001341
157 47 3 100 10601646 0.001342
288 59 3 100 94984 0.001342
45 203 3 100 63373 0.001343
142 335 3 100 34288 0.001343
163 189 3 100 4868664 0.001345
343 225 3 100 9235131 0.001348
293 326 3 100 93634 0.001349
392 241 3 100 42098 0.001353
217 274 3 100 12163169 0.001355
292 75 3 100 92006 0.001359
358 149 3 100 220907 0.001364
54 152 3 100 88141 0.001365
57 109 3 100 82350 0.001365
292 382 3 100 57705 0.001365
182 385 3 100 9395594 0.001366
399 30 3 100 8283 0.001367
21 362 3 100 99695 0.001367
348 136 3 100 59247 0.001368
380 65 3 100 22133 0.001369
299 68 3 100 43943 0.001372
213 191 3 100 45221 0.001372
354 32 3 100 6357081 0.001375
189 401 3 100 70646 0.001377
62 239 3 100 679995 0.001380
211 145 3 100 21458 0.001380
293 78 3 100 29166 0.001382
111 355 3 100 6809380 0.001387
21 97 3 100 7358448 0.001390
368 389 3 100 60238 0.001391
49 317 3 100 4110728 0.001392
214 61 3 100 447451 0.001392
97 401 3 100 75118 0.001396
299 280 3 100 57439 0.001397
216 23 3 100 5297491 0.001398
265 148 3 100 52383 0.001400
174 99 3 100 9231512 0.001402
388 230 3 100 39098 0.001404
176 295 3 100 859849 0.001406
385 152 3 100 102202 0.001407
217 328 3 100 83749 0.001408
39 85 3 100 77100 0.001409
143 234 3 100 64892 0.001409
368 342 3 100 53570 0.001410
183 155 3 100 36992 0.001410
304 24 3 100 134709 0.001411
181 308 3 100 52778 0.001412
310 64 3 100 9140374 0.001415
115 132 3 100 608613 0.001415
337 281 3 100 12783 0.001416
179 36 3 100 70365 0.001416
28 26 3 100 8813827 0.001417
333 232 3 100 80095 0.001418
246 131 3 100 734001 0.001418
363 179 3 100 46619 0.001418
231 277 3 100 214851 0.001419
365 250 3 100 41653 0.001420
230 111 3 100 60713 0.001420
353 219 3 100 39342 0.001421
297 280 3 100 8694426 0.001423
307 129 3 100 9791622 0.001429
266 357 3 100 84653 0.001430
242 26 3 100 9041 0.001431
159 199 3 100 95031 0.001433
50 295 3 100 41587 0.001435
230 362 3 100 34832 0.001436
317 342 3 100 11817257 0.001437
386 192 3 100 10544718 0.001439
282 194 3 100 252225 0.001440
51 25 3 100 79072 0.001440
36 392 3 100 98903 0.001440
62 259 3 100 28887 0.001443
109 86 3 100 622490 0.001443
56 71 3 100 34479 0.001445
261 158 3 100 83753 0.001446
60 338 3 100 6723202 0.001446
164 76 3 100 63040 0.001446
268 224 3 100 99947 0.001450
401 333 3 100 56594 0.001451
356 256 3 100 34236 0.001452
374 236 3 100 46009 0.001454
154 298 3 100 69801 0.001454
240 58 3 100 69381 0.001460
155 168 3 100 10392 0.001460
116 284 3 100 90434 0.001460
377 363 3 100 55036 0.001461
65 317 3 100 831185 0.001462
347 240 3 100 7494056 0.001462
156 163 3 100 58214 0.001463
264 337 3 100 12264431 0.001467
143 32 3 100 97959 0.001472
332 196 3 100 934116 0.001473
365 310 3 100 9496910 0.001473
285 237 3 100 11158 0.001475
80 341 3 100 21136 0.001475
195 136 3 100 4412064 0.001476
150 219 3 100 83118 0.001478
353 213 3 100 29549 0.001478
294 268 3 100 44567 0.001479
29 101 3 100 6754 0.001479
261 224 3 100 49544 0.001479
189 232 3 100 39377 0.001482
178 376 3 100 70479 0.001484
283 402 3 100 7430663 0.001484
122 370 3 100 87631 0.001485
243 279 3 100 87748 0.001486
23 257 3 100 607494 0.001493
247 367 3 100 90512 0.001493
158 117 3 100 3745208 0.001499
313 249 3 100 25010 0.001499
186 213 3 100 323209 0.001500
243 64 3 100 9445742 0.001502
335 315 3 100 8232374 0.001502
96 242 3 100 42202 0.001504
51 195 3 100 15387 0.001506
48 381 3 100 4026 0.001507
357 85 3 100 90818 0.001510
252 133 3 100 1959 0.001510
179 177 3 100 67981 0.001511
318 336 3 100 57001 0.001517
333 195 3 100 27562 0.001518
353 180 3 100 8020875 0.001521
394 204 3 100 56221 0.001522
86 212 3 100 13874 0.001525
196 21 3 100 410142 0.001527
87 397 3 100 52367 0.001527
211 185 3 100 4863946 0.001527
44 365 3 100 46206 0.001527
32 165 3 100 126882 0.001529
40 117 3 100 23345 0.001532
179 311 3 100 9926 0.001533
34 148 3 100 35540 0.001534
86 142 3 100 55585 0.001536
214 278 3 100 79550 0.001538
286 368 3 100 10586946 0.001540
84 168 3 100 11719 0.001540
336 232 3 100 5501787 0.001541
98 140 3 100 656298 0.001542
99 339 3 100 102191 0.001543
295 88 3 100 998386 0.001544
372 165 3 100 31054 0.001547
63 385 3 100 47988 0.001550
34 30 3 100 13915 0.001551
403 201 3 100 68510 0.001552
167 218 3 100 198858 0.001552
96 243 3 100 31264 0.001555
61 284 3 100 20450 0.001557
334 124 3 100 27034 0.001560
281 101 3 100 37089 0.001561
210 222 3 100 5525 0.001561
396 357 3 100 11159 0.001561
259 306 3 100 7527899 0.001564
95 103 3 100 96942 0.001565
322 155 3 100 20138 0.001567
293 348 3 100 84211 0.001568
147 95 3 100 77546 0.001568
49 312 3 100 25191 0.001569
21 333 3 100 692449 0.001570
373 193 3 100 61312 0.001570
295 97 3 100 84024 0.001574
360 244 3 100 64674 0.001577
281 172 3 100 57731 0.001580
244 256 3 100 95618 0.001581
241 176 3 100 7279684 0.001581
378 390 3 100 77922 0.001585
161 75 3 100 7596645 0.001586
306 343 3 100 50997 0.001591
188 373 3 100 830489 0.001591
244 290 3 100 83009 0.001592
73 311 3 100 90659 0.001596
50 270 3 100 33604 0.001597
219 185 3 100 728696 0.001598
186 71 3 100 49585 0.001599
297 248 3 100 11608862 0.001599
20 206 3 100 82115 0.001599
231 298 3 100 77266 0.001599
260 125 3 100 43572 0.001601
185 165 3 100 7806 0.001608
351 23 3 100 8991880 0.001608
146 202 3 100 95448 0.001610
259 77 3 100 63359 0.001614
337 73 3 100 34685 0.001614
359 226 3 100 3404821 0.001615
117 45 3 100 56060 0.001617
140 100 3 100 839090 0.001620
78 249 3 100 93448 0.001621
348 37 3 100 401449 0.001622
198 268 3 100 50628 0.001628
85 286 3 100 7896606 0.001631
224 241 3 100 68915 0.001631
273 250 3 100 90209 0.001636
201 340 3 100 30122 0.001637
88 212 3 100 101998 0.001638
185 127 3 100 92106 0.001639
236 379 3 100 919052 0.001640
56 170 3 100 14790 0.001641
317 366 3 100 26495 0.001641
178 107 3 100 876586 0.001643
244 166 3 100 4901 0.001645
340 298 3 100 617050 0.001646
32 313 3 100 517680 0.001646
140 39 3 100 33801 0.001649
40 377 3 100 66058 0.001654
170 280 3 100 4487219 0.001658
369 75 3 100 75752 0.001661
293 360 3 100 12200149 0.001662
157 328 3 100 9476467 0.001662
365 80 3 100 769806 0.001666
151 222 3 100 58834 0.001666
343 70 3 100 395104 0.001668
139 75 3 100 755074 0.001669
251 283 3 100 358537 0.001670
27 38 3 100 24676 0.001674
212 208 3 100 95585 0.001677
114 147 3 100 8129586 0.001680
272 88 3 100 54610 0.001683
365 271 3 100 44159 0.001683
297 125 3 100 9632907 0.001685
188 245 3 100 3571265 0.001690
86 210 3 100 227811 0.001691
294 96 3 100 1730 0.001692
191 28 3 100 103080 0.001694
93 266 3 100 3021629 0.001694
206 209 3 100 38262 0.001695
194 400 3 100 88570 0.001696
147 374 3 100 61699 0.001699
157 275 3 100 431524 0.001702
112 194 3 100 11179943 0.001703
46 353 3 100 9747 0.001703
98 331 3 100 789960 0.001704
143 81 3 100 610081 0.001707
235 170 3 100 470359 0.001709
188 386 3 100 46686 0.001710
203 298 3 100 93599 0.001711
401 290 3 100 10436533 0.001712
165 390 3 100 684359 0.001712
289 175 3 100 73431 0.001712
63 354 3 100 93796 0.001713
46 226 3 100 13449 0.001715
98 124 3 100 42138 0.001718
226 175 3 100 373544 0.001721
307 82 3 100 76441 0.001724
22 397 3 100 71562 0.001725
300 382 3 100 97573 0.001726
180 371 3 100 9864022 0.001730
223 359 3 100 58503 0.001731
354 247 3 100 83209 0.001732
101 44 3 100 60398 0.001733
67 97 3 100 982095 0.001736
314 122 3 100 972887 0.001736
324 319 3 100 100905 0.001739
296 106 3 100 8738482 0.001739
44 176 3 100 70304 0.001740
127 190 3 100 15681 0.001742
356 401 3 100 7539126 0.001743
236 312 3 100 4428 0.001745
361 285 3 100 81057 0.001746
106 196 3 100 620574 0.001746
395 278 3 100 83530 0.001748
365 123 3 100 27004 0.001750
252 157 3 100 64818 0.001752
377 85 3 100 79865 0.001753
294 57 3 100 824331 0.001753
125 135 3 100 89790 0.001754
95 134 3 100 8629956 0.001754
279 217 3 100 16066 0.001754
273 34 3 100 605972 0.001759
293 186 3 100 19508 0.001764
35 390 3 100 276699 0.001764
29 221 3 100 605460 0.001766
299 23 3 100 103283 0.001766
113 214 3 100 62764 0.001768
338 378 3 100 554457 0.001768
227 260 3 100 39266 0.001770
133 45 3 100 7275308 0.001770
201 157 3 100 57713 0.001771
369 142 3 100 10959 0.001772
174 315 3 100 18854 0.001774
176 57 3 100 17303 0.001774
389 173 3 100 9651466 0.001775
363 101 3 100 14658 0.001776
375 36 3 100 60867 0.001776
99 41 3 100 104764 0.001777
72 347 3 100 86146 0.001778
342 366 3 100 101657 0.001778
384 390 3 100 954144 0.001778
353 20 3 100 89164 0.001782
236 334 3 100 3060 0.001783
204 85 3 100 23847 0.001784
402 403 3 100 59109 0.001784
206 159 3 100 52966 0.001786
291 92 3 100 41810 0.001787
284 177 3 100 904718 0.001788
35 259 3 100 626794 0.001790
208 338 3 100 12198622 0.001796
191 201 3 100 658344 0.001797
39 211 3 100 397024 0.001799
100 400 3 100 6566919 0.001800
210 21 3 100 42777 0.001803
351 379 3 100 219051 0.001805
351 50 3 100 71319 0.001806
45 202 3 100 36792 0.001806
312 83 3 100 10363928 0.001808
226 392 3 100 9646025 0.001812
94 70 3 100 60344 0.001813
320 256 3 100 555667 0.001814
339 228 3 100 327945 0.001817
329 79 3 100 54381 0.001818
146 330 3 100 95350 0.001819
119 221 3 100 40143 0.001819
32 234 3 100 80513 0.001819
297 357 3 100 59743 0.001819
273 386 3 100 42069 0.001819
355 188 3 100 59266 0.001824
369 381 3 100 4869720 0.001826
311 358 3 100 26193 0.001826
246 358 3 100 196468 0.001826
199 210 3 100 228788 0.001826
254 78 3 100 15299 0.001827
279 162 3 100 5359437 0.001827
380 262 3 100 742573 0.001828
212 34 3 100 241983 0.001829
334 301 3 100 6014243 0.001829
338 311 3 100 948479 0.001832
230 296 3 100 11961399 0.001832
382 215 3 100 37359 0.001833
220 339 3 100 66888 0.001833
205 94 3 100 83289 0.001834
284 238 3 100 293046 0.001838
109 282 3 100 99932 0.001838
171 114 3 100 8727 0.001840
277 257 3 100 56118 0.001840
143 201 3 100 91178 0.001842
311 208 3 100 37954 0.001843
126 71 3 100 2404 0.001844
395 259 3 100 26878 0.001845
115 154 3 100 89006 0.001845
89 305 3 100 46843 0.001846
269 80 3 100 1702 0.001846
344 394 3 100 8506820 0.001848
295 192 3 100 95406 0.001848
233 385 3 100 56442 0.001853
130 224 3 100 15813 0.001853
192 320 3 100 61258 0.001853
295 111 3 100 7632436 0.001855
346 117 3 100 17227 0.001860
277 271 3 100 934397 0.001863
104 258 3 100 9472 0.001863
388 88 3 100 7372405 0.001865
125 36 3 100 536806 0.001866
223 177 3 100 49776 0.001866
63 324 3 100 712152 0.001870
70 84 3 100 7501573 0.001871
235 40 3 100 67154 0.001872
50 115 3 100 481932 0.001875
182 40 3 100 42866 0.001876
392 389 3 100 8277587 0.001877
33 106 3 100 9608742 0.001880
112 200 3 100 91190 0.001881
288 162 3 100 22020 0.001883
255 138 3 100 34186 0.001884
379 77 3 100 99043 0.001890
40 66 3 100 85520 0.001893
330 41 3 100 29905 0.001894
132 201 3 100 5725917 0.001895
398 38 3 100 95287 0.001897
132 90 3 100 99371 0.001898
318 212 3 100 77292 0.001898
398 401 3 100 18252 0.001907
369 185 3 100 6312918 0.001908
165 242 3 100 78015 0.001909
330 28 3 100 12382984 0.001912
263 393 3 100 46906 0.001913
253 397 3 100 30732 0.001914
216 204 3 100 86695 0.001915
221 191 3 100 36238 0.001916
316 242 3 100 263400 0.001920
82 265 3 100 60690 0.001921
85 317 3 100 95539 0.001923
294 113 3 100 19451 0.001924
255 338 3 100 41758 0.001925
79 220 3 100 43835 0.001927
311 317 3 100 27359 0.001927
166 68 3 100 4698094 0.001929
366 168 3 100 81625 0.001930
261 262 3 100 94419 0.001931
235 85 3 100 64093 0.001932
388 282 3 100 487866 0.001934
310 26 3 100 9863768 0.001936
97 250 3 100 7187 0.001936
376 251 3 100 10134514 0.001937
63 64 3 100 8195579 0.001937
175 50 3 100 93520 0.001939
353 263 3 100 81079 0.001940
144 75 3 100 85456 0.001941
176 50 3 100 99416 0.001949
192 373 3 100 71675 0.001949
296 81 3 100 89472 0.001950
94 369 3 100 40698 0.001951
287 225 3 100 527209 0.001952
287 348 3 100 41825 0.001954
394 258 3 100 56701 0.001954
382 171 3 100 61174 0.001954
195 95 3 100 6343460 0.001955
184 349 3 100 77063 0.001956
207 118 3 100 48750 0.001957
33 148 3 100 65418 0.001957
230 340 3 100 1203 0.001958
85 182 3 100 21821 0.001960
193 99 3 100 52632 0.001963
93 287 3 100 11268538 0.001965
251 42 3 100 22697 0.001970
245 190 3 100 662716 0.001972
182 141 3 100 51723 0.001972
210 214 3 100 43809 0.001975
110 125 3 100 730723 0.001976
97 248 3 100 64655 0.001979
148 378 3 100 66167 0.001980
389 39 3 100 52740 0.001982
342 359 3 100 73021 0.001985
64 114 3 100 81113 0.001987
354 249 3 100 24881 0.001987
383 256 3 100 36476 0.001988
156 258 3 100 31539 0.001990
255 70 3 100 47104 0.001991
39 378 3 100 22959 0.001991
371 43 3 100 84766 0.001991
361 24 3 100 3728906 0.001992
77 196 3 100 47046 0.001993
217 82 3 100 51818 0.001994
134 58 3 100 62761 0.001995
94 44 3 100 78559 0.001996
76 211 3 100 807277 0.001996
124 266 3 100 7250545 0.001998
91 196 3 100 45403 0.002000
290 94 3 100 45472 0.002001
372 316 3 100 390371 0.002002
223 59 3 100 62993 0.002007
199 127 3 100 8465503 0.002014
329 32 3 100 734922 0.002014
374 375 3 100 333476 0.002015
31 384 3 100 45218 0.002016
111 158 3 100 88372 0.002019
253 376 3 100 848518 0.002020
111 287 3 100 42961 0.002023
72 345 3 100 59202 0.002024
383 246 3 100 11048082 0.002024
343 245 3 100 404681 0.002025
283 214 3 100 4433935 0.002029
68 352 3 100 11303 0.002029
375 202 3 100 918809 0.002030
256 59 3 100 94540 0.002034
236 96 3 100 12559 0.002035
100 290 3 100 37877 0.002035
325 359 3 100 20446 0.002036
124 240 3 100 55583 0.002036
402 358 3 100 1635 0.002038
60 43 3 100 4192309 0.002041
391 209 3 100 3354477 0.002043
164 381 3 100 32697 0.002045
215 250 3 100 6621668 0.002045
291 107 3 100 8229 0.002047
393 314 3 100 32317 0.002048
306 298 3 100 6156 0.002048
213 282 3 100 5869020 0.002049
38 133 3 100 52138 0.002049
385 202 3 100 99464 0.002051
294 382 3 100 971926 0.002051
137 219 3 100 453102 0.002052
334 131 3 100 50895 0.002052
294 77 3 100 4289295 0.002052
151 209 3 100 54017 0.002053
148 169 3 100 82358 0.002053
161 182 3 100 52377 0.002054
147 85 3 100 11822634 0.002055
274 239 3 100 51886 0.002058
352 84 3 100 37081 0.002058
175 139 3 100 84003 0.002059
182 22 3 100 18024 0.002059
294 110 3 100 83453 0.002059
58 20 3 100 77109 0.002060
116 188 3 100 55268 0.002062
289 118 3 100 34810 0.002063
177 64 3 100 1035399 0.002063
229 63 3 100 477578 0.002065
306 55 3 100 78418 0.002067
219 330 3 100 11164000 0.002069
91 319 3 100 18899 0.002070
307 102 3 100 924311 0.002070
350 178 3 100 99182 0.002071
284 167 3 100 683061 0.002071
162 308 3 100 9500 0.002073
69 60 3 100 7323697 0.002075
92 252 3 100 462204 0.002075
27 136 3 100 78805 0.002075
242 44 3 100 39445 0.002076
386 341 3 100 17328 0.002076
310 313 3 100 153813 0.002077
193 177 3 100 572599 0.002078
375 160 3 100 850835 0.002079
363 402 3 100 47753 0.002079
144 333 3 100 66065 0.002080
165 107 3 100 77438 0.002082
313 394 3 100 297999 0.002085
394 276 3 100 61135 0.002086
191 81 3 100 88179 0.002086
387 343 3 100 244373 0.002087
369 331 3 100 12334086 0.002088
401 178 3 100 48956 0.002090
80 197 3 100 561466 0.002090
107 349 3 100 7802 0.002094
78 28 3 100 19147 0.002096
263 376 3 100 30056 0.002096
305 127 3 100 60905 0.002098
371 399 3 100 6727556 0.002100
130 222 3 100 3606696 0.002106
165 372 3 100 8237394 0.002112
403 146 3 100 55621 0.002112
234 335 3 100 64681 0.002112
31 394 3 100 12074150 0.002113
246 168 3 100 7320213 0.002114
56 253 3 100 92592 0.002114
315 154 3 100 70140 0.002115
305 134 3 100 8992383 0.002115
145 268 3 100 13130 0.002117
204 359 3 100 4011175 0.002118
174 290 3 100 60322 0.002119
375 379 3 100 75091 0.002120
369 125 3 100 9968 0.002121
166 28 3 100 48390 0.002123
255 111 3 100 150860 0.002124
159 62 3 100 11827687 0.002124
270 344 3 100 1804 0.002125
249 386 3 100 35109 0.002125
380 254 3 100 96951 0.002126
77 85 3 100 98311 0.002127
388 221 3 100 19839 0.002127
318 96 3 100 41177 0.002129
180 96 3 100 9755923 0.002131
117 265 3 100 77146 0.002131
262 247 3 100 9229560 0.002132
240 157 3 100 5335 0.002137
67 149 3 100 37494 0.002137
47 210 3 100 2635 0.002139
279 26 3 100 81629 0.002140
263 38 3 100 28008 0.002142
263 341 3 100 83263 0.002144
222 315 3 100 184558 0.002145
109 126 3 100 781260 0.002147
294 253 3 100 8839893 0.002148
77 104 3 100 9512931 0.002149
304 363 3 100 11105721 0.002151
87 366 3 100 5813998 0.002153
312 368 3 100 11599805 0.002153
370 322 3 100 8768692 0.002154
243 133 3 100 62178 0.002156
341 307 3 100 70254 0.002160
385 196 3 100 12260009 0.002161
279 311 3 100 33070 0.002162
343 348 3 100 585 0.002163
323 212 3 100 79200 0.002166
294 142 3 100 104450 0.002167
223 88 3 100 52708 0.002169
60 365 3 100 99561 0.002171
224 136 3 100 4187437 0.002172
264 305 3 100 35876 0.002172
145 283 3 100 44331 0.002174
36 152 3 100 8313005 0.002175
124 256 3 100 382324 0.002177
187 22 3 100 8889 0.002179
48 231 3 100 361100 0.002179
23 24 3 100 3003081 0.002183
55 56 3 100 95976 0.002185
234 376 3 100 43594 0.002186
228 161 3 100 69281 0.002187
286 91 3 100 27030 0.002188
201 381 3 100 77591 0.002188
291 186 3 100 58225 0.002188
285 51 3 100 61551 0.002189
125 400 3 100 930271 0.002190
386 314 3 100 32680 0.002192
403 361 3 100 6546458 0.002192
33 252 3 100 103905 0.002195
214 106 3 100 85545 0.002197
245 216 3 100 6271339 0.002197
171 20 3 100 7419024 0.002197
350 181 3 100 9209 0.002198
63 158 3 100 19815 0.002199
172 355 3 100 21132 0.002200
173 175 3 100 97996 0.002201
278 264 3 100 99 0.002203
217 159 3 100 19000 0.002204
149 69 3 100 11861015 0.002204
182 134 3 100 62143 0.002204
65 289 3 100 512025 0.002205
138 99 3 100 72081 0.002206
95 46 3 100 6999140 0.002209
63 254 3 100 201659 0.002210
202 379 3 100 38819 0.002211
262 307 3 100 14354 0.002213
86 285 3 100 1001876 0.002215
242 91 3 100 11472 0.002215
368 58 3 100 11781609 0.002216
358 390 3 100 98835 0.002219
396 377 3 100 67236 0.002219
364 332 3 100 3798561 0.002220
214 338 3 100 52602 0.002220
393 356 3 100 65284 0.002221
108 397 3 100 882190 0.002223
370 177 3 100 14070 0.002224
29 57 3 100 12037 0.002224
99 268 3 100 42999 0.002225
119 297 3 100 262730 0.002226
49 290 3 100 347825 0.002226
158 205 3 100 88935 0.002226
233 73 3 100 96115 0.002230
217 30 3 100 56980 0.002231
143 179 3 100 93685 0.002234
247 158 3 100 10500 0.002235
300 153 3 100 102414 0.002235
167 20 3 100 329 0.002235
126 115 3 100 375100 0.002236
226 59 3 100 104720 0.002237
253 35 3 100 5244 0.002238
229 306 3 100 51728 0.002240
192 239 3 100 8505215 0.002240
69 250 3 100 65450 0.002241
104 53 3 100 20337 0.002241
56 310 3 100 78986 0.002243
159 214 3 100 41047 0.002243
257 49 3 100 202364 0.002243
246 68 3 100 5564180 0.002245
347 146 3 100 14229 0.002245
270 310 3 100 617247 0.002246
112 254 3 100 80717 0.002249
348 280 3 100 39072 0.002250
124 102 3 100 409359 0.002250
154 181 3 100 252755 0.002251
350 86 3 100 64024 0.002254
167 37 3 100 25636 0.002254
213 239 3 100 77588 0.002254
175 113 3 100 85836 0.002259
358 242 3 100 46291 0.002261
382 258 3 100 101715 0.002262
269 94 3 100 29636 0.002262
43 281 3 100 448145 0.002263
344 262 3 100 476703 0.002264
187 400 3 100 999548 0.002264
313 368 3 100 745626 0.002265
265 306 3 100 71019 0.002269
313 342 3 100 26729 0.002270
371 223 3 100 49987 0.002272
89 53 3 100 7735 0.002273
107 50 3 100 7857355 0.002275
149 400 3 100 6062339 0.002276
229 308 3 100 610473 0.002277
357 368 3 100 331043 0.002283
120 131 3 100 9784049 0.002284
249 284 3 100 8467364 0.002285
244 49 3 100 52215 0.002287
194 273 3 100 7398416 0.002288
371 85 3 100 80692 0.002289
253 148 3 100 74810 0.002289
251 149 3 100 22757 0.002293
336 259 3 100 72445 0.002295
151 136 3 100 3747702 0.002296
59 359 3 100 834965 0.002297
105 278 3 100 72434 0.002299
239 59 3 100 939144 0.002299
346 272 3 100 67037 0.002300
183 190 3 100 72054 0.002301
100 176 3 100 3436455 0.002303
82 338 3 100 936587 0.002303
174 135 3 100 4038 0.002303
300 311 3 100 77914 0.002307
291 267 3 100 43141 0.002308
313 88 3 100 3099026 0.002309
64 226 3 100 64618 0.002312
54 403 3 100 10851819 0.002314
368 359 3 100 88768 0.002314
134 48 3 100 14669 0.002315
183 280 3 100 607848 0.002318
182 359 3 100 4030576 0.002319
386 389 3 100 32320 0.002323
188 71 3 100 1515 0.002324
363 397 3 100 42342 0.002327
50 372 3 100 10656683 0.002328
68 218 3 100 27902 0.002328
244 307 3 100 4544018 0.002331
246 215 3 100 48254 0.002332
332 262 3 100 826638 0.002332
235 281 3 100 4793895 0.002334
242 65 3 100 94583 0.002337
259 371 3 100 9040830 0.002338
207 141 3 100 41283 0.002340
364 295 3 100 66434 0.002343
78 72 3 100 3786 0.002343
220 221 3 100 586290 0.002344
210 52 3 100 6415 0.002345
248 215 3 100 58939 0.002346
135 74 3 100 84143 0.002346
259 357 3 100 81076 0.002346
278 98 3 100 702408 0.002347
79 52 3 100 101063 0.002347
143 104 3 100 48871 0.002348
380 158 3 100 35666 0.002348
131 79 3 100 783546 0.002349
22 285 3 100 74540 0.002350
204 102 3 100 11860586 0.002352
21 179 3 100 50668 0.002353
402 188 3 100 14126 0.002354
368 53 3 100 104149 0.002354
78 104 3 100 22644 0.002355
144 277 3 100 112531 0.002358
246 158 3 100 6558602 0.002359
225 275 3 100 59996 0.002360
337 335 3 100 3686412 0.002361
315 156 3 100 36514 0.002363
91 233 3 100 5660 0.002366
145 21 3 100 54770 0.002368
79 246 3 100 52240 0.002368
219 293 3 100 95152 0.002371
179 180 3 100 30648 0.002371
162 225 3 100 8253 0.002371
118 299 3 100 5535136 0.002373
180 75 3 100 62466 0.002374
112 84 3 100 60698 0.002374
64 299 3 100 41241 0.002374
106 269 3 100 12639 0.002374
312 338 3 100 663068 0.002376
399 130 3 100 35497 0.002377
139 121 3 100 340577 0.002380
121 276 3 100 43401 0.002381
288 130 3 100 39857 0.002383
314 161 3 100 80266 0.002387
236 129 3 100 9041755 0.002391
226 62 3 100 918 0.002394
161 202 3 100 23889 0.002398
157 206 3 100 75240 0.002400
109 220 3 100 12269234 0.002402
301 138 3 100 8269807 0.002403
42 384 3 100 5552 0.002403
191 154 3 100 623670 0.002404
221 62 3 100 9270 0.002407
218 336 3 100 61108 0.002408
365 99 3 100 7391926 0.002409
67 205 3 100 30560 0.002409
369 142 3 100 10027033 0.002409
206 390 3 100 541692 0.002410
205 75 3 100 78534 0.002412
185 114 3 100 113879 0.002413
148 261 3 100 8276255 0.002414
380 366 3 100 18454 0.002415
59 251 3 100 3810472 0.002419
375 59 3 100 826602 0.002423
30 252 3 100 12403025 0.002426
190 379 3 100 84250 0.002427
22 86 3 100 5515955 0.002427
395 64 3 100 83991 0.002428
344 338 3 100 4011717 0.002429
373 72 3 100 396863 0.002432
191 331 3 100 87343 0.002433
58 117 3 100 60909 0.002434
80 387 3 100 22183 0.002435
192 221 3 100 774895 0.002436
339 293 3 100 68705 0.002436
215 131 3 100 155333 0.002437
48 240 3 100 11086420 0.002437
260 305 3 100 60954 0.002437
356 159 3 100 659826 0.002439
93 354 3 100 304650 0.002439
106 389 3 100 168505 0.002439
66 174 3 100 39441 0.002443
56 368 3 100 16742 0.002444
63 316 3 100 5991 0.002447
36 182 3 100 4329078 0.002447
353 129 3 100 10794386 0.002449
47 253 3 100 97998 0.002450
131 116 3 100 271027 0.002451
391 44 3 100 33897 0.002451
170 198 3 100 38238 0.002453
64 178 3 100 76801 0.002455
179 155 3 100 353718 0.002456
276 112 3 100 8796 0.002456
179 273 3 100 193199 0.002457
83 188 3 100 11038298 0.002459
231 218 3 100 99220 0.002460
368 224 3 100 40962 0.002461
242 208 3 100 10567906 0.002461
362 67 3 100 9231401 0.002463
210 238 3 100 59828 0.002464
305 83 3 100 68774 0.002465
334 217 3 100 465334 0.002466
44 106 3 100 11806234 0.002469
292 299 3 100 44782 0.002470
276 82 3 100 9147 0.002472
303 120 3 100 988879 0.002472
63 344 3 100 56694 0.002472
122 317 3 100 79918 0.002473
211 300 3 100 79357 0.002474
192 23 3 100 37518 0.002475
399 143 3 100 35035 0.002475
326 385 3 100 4813486 0.002476
144 140 3 100 179441 0.002476
107 149 3 100 75086 0.002482
278 84 3 100 38649 0.002483
313 152 3 100 11818 0.002486
144 83 3 100 99045 0.002486
169 180 3 100 1583 0.002487
354 275 3 100 88447 0.002487
114 380 3 100 49950 0.002489
223 185 3 100 497071 0.002491
91 392 3 100 79957 0.002492
23 130 3 100 828855 0.002497
253 244 3 100 18606 0.002498
107 148 3 100 98565 0.002499
264 337 3 100 85521 0.002499
108 381 3 100 875094 0.002500
67 360 3 100 37981 0.002503
371 214 3 100 671121 0.002509
102 185 3 100 99572 0.002509
366 396 3 100 80796 0.002509
286 193 3 100 554467 0.002510
198 212 3 100 76173 0.002512
217 181 3 100 476659 0.002513
28 154 3 100 69246 0.002513
54 312 3 100 902198 0.002515
157 132 3 100 6787491 0.002515
100 264 3 100 91168 0.002517
100 145 3 100 14496 0.002518
232 334 3 100 98024 0.002519
233 195 3 100 101219 0.002521
363 317 3 100 92550 0.002521
195 42 3 100 74801 0.002522
32 261 3 100 3211923 0.002523
299 90 3 100 68525 0.002524
152 385 3 100 12003814 0.002525
229 33 3 100 5923599 0.002526
104 201 3 100 5964226 0.002527
66 68 3 100 49912 0.002527
234 229 3 100 23021 0.002527
282 69 3 100 103185 0.002528
371 250 3 100 13785 0.002529
164 391 3 100 185680 0.002539
263 61 3 100 845687 0.002539
383 228 3 100 5349951 0.002540
278 138 3 100 334128 0.002545
57 185 3 100 72375 0.002548
226 194 3 100 17442 0.002550
218 183 3 100 10546 0.002551
135 224 3 100 3111 0.002552
281 195 3 100 93465 0.002553
188 260 3 100 270 0.002554
243 236 3 100 4880283 0.002554
395 403 3 100 196743 0.002555
167 373 3 100 6553467 0.002556
244 172 3 100 55287 0.002560
271 45 3 100 619401 0.002561
53 339 3 100 576849 0.002561
379 220 3 100 5430654 0.002562
306 403 3 100 592032 0.002566
363 212 3 100 99653 0.002566
201 380 3 100 367012 0.002566
59 172 3 100 244416 0.002567
78 157 3 100 956 0.002568
178 143 3 100 309854 0.002572
271 156 3 100 31720 0.002575
163 361 3 100 11236061 0.002575
327 252 3 100 23051 0.002577
334 77 3 100 51031 0.002578
165 131 3 100 102166 0.002578
23 337 3 100 95200 0.002580
203 131 3 100 219932 0.002582
94 400 3 100 1013592 0.002582
178 304 3 100 9700810 0.002582
166 197 3 100 5791643 0.002584
29 306 3 100 11772722 0.002584
120 46 3 100 11992101 0.002585
170 209 3 100 6437 0.002585
97 302 3 100 5949 0.002586
308 102 3 100 22048 0.002593
366 265 3 100 81671 0.002598
98 77 3 100 70683 0.002599
308 145 3 100 8665 0.002599
198 142 3 100 789180 0.002601
398 124 3 100 1046685 0.002601
262 55 3 100 9522 0.002605
138 368 3 100 5502586 0.002606
236 352 3 100 24827 0.002609
213 25 3 100 3335 0.002610
188 22 3 100 39137 0.002610
159 394 3 100 8613311 0.002611
191 324 3 100 4935367 0.002615
37 75 3 100 49292 0.002616
351 303 3 100 45159 0.002619
36 25 3 100 220697 0.002620
252 115 3 100 10800 0.002621
395 374 3 100 40397 0.002622
201 348 3 100 928227 0.002623
276 238 3 100 6160 0.002623
241 337 3 100 51724 0.002624
184 29 3 100 9118 0.002625
272 232 3 100 22098 0.002626
153 275 3 100 39252 0.002626
231 232 3 100 311839 0.002626
206 38 3 100 721139 0.002627
254 319 3 100 11448887 0.002628
342 83 3 100 131062 0.002629
292 306 3 100 37919 0.002629
72 296 3 100 58106 0.002631
322 102 3 100 78926 0.002632
222 252 3 100 74999 0.002636
304 141 3 100 726456 0.002638
339 38 3 100 12254173 0.002638
36 371 3 100 74146 0.002640
227 232 3 100 65834 0.002641
85 397 3 100 50872 0.002642
276 155 3 100 9100333 0.002642
35 279 3 100 24436 0.002643
80 166 3 100 78544 0.002643
355 164 3 100 4413 0.002646
316 308 3 100 7534911 0.002646
53 109 3 100 476444 0.002646
371 170 3 100 26770 0.002646
119 373 3 100 55289 0.002649
67 110 3 100 923690 0.002649
317 123 3 100 58343 0.002650
183 205 3 100 16006 0.002651
87 159 3 100 9332864 0.002651
21 295 3 100 33270 0.002654
395 250 3 100 327806 0.002654
354 232 3 100 61380 0.002654
21 345 3 100 57295 0.002654
328 201 3 100 11728277 0.002656
98 333 3 100 5770 0.002662
353 336 3 100 95584 0.002663
42 306 3 100 642177 0.002664
105 245 3 100 960520 0.002664
164 175 3 100 11181129 0.002665
103 165 3 100 54364 0.002665
223 290 3 100 9058 0.002666
355 51 3 100 6282 0.002669
219 400 3 100 97822 0.002669
286 124 3 100 2403 0.002674
292 251 3 100 314884 0.002676
167 296 3 100 66519 0.002677
69 176 3 100 24582 0.002677
93 115 3 100 10351334 0.002678
157 180 3 100 58953 0.002682
277 72 3 100 6962951 0.002684
279 44 3 100 64244 0.002684
182 66 3 100 27834 0.002684
343 240 3 100 58886 0.002686
190 182 3 100 93081 0.002688
139 144 3 100 72399 0.002697
192 168 3 100 12155149 0.002698
283 304 3 100 14952 0.002698
284 333 3 100 54718 0.002699
375 85 3 100 6408 0.002701
275 276 3 100 4884 0.002702
236 152 3 100 80654 0.002703
351 281 3 100 6221040 0.002705
301 306 3 100 532673 0.002707
374 228 3 100 96930 0.002707
299 373 3 100 75521 0.002707
193 398 3 100 8440 0.002708
95 198 3 100 72186 0.002708
37 392 3 100 3660 0.002714
63 343 3 100 216301 0.002714
82 138 3 100 8762382 0.002717
308 344 3 100 67597 0.002718
380 182 3 100 9469 0.002719
390 298 3 100 1009388 0.002719
228 58 3 100 10317 0.002721
215 59 3 100 99160 0.002721
333 319 3 100 85770 0.002721
31 127 3 100 885360 0.002725
25 346 3 100 22174 0.002728
295 337 3 100 16827 0.002729
322 355 3 100 20576 0.002730
269 315 3 100 35714 0.002730
243 158 3 100 85383 0.002733
386 21 3 100 883156 0.002733
377 295 3 100 9326738 0.002734
209 43 3 100 39100 0.002736
71 79 3 100 697401 0.002738
98 231 3 100 11769 0.002739
382 131 3 100 907804 0.002740
252 202 3 100 305427 0.002742
401 273 3 100 48126 0.002742
367 273 3 100 733350 0.002745
125 88 3 100 76306 0.002746
400 310 3 100 60130 0.002748
273 304 3 100 3340641 0.002749
384 113 3 100 171215 0.002754
207 184 3 100 14406 0.002754
156 61 3 100 4245976 0.002755
52 82 3 100 7425534 0.002756
386 134 3 100 1257 0.002756
217 311 3 100 734986 0.002756
44 393 3 100 3423343 0.002757
76 167 3 100 58837 0.002758
64 39 3 100 12321741 0.002759
133 373 3 100 28751 0.002759
99 90 3 100 28271 0.002763
215 29 3 100 84509 0.002764
110 66 3 100 28904 0.002765
210 96 3 100 64778 0.002765
283 180 3 100 61752 0.002769
194 59 3 100 44484 0.002770
164 221 3 100 828222 0.002771
307 152 3 100 7882446 0.002776
64 325 3 100 22274 0.002778
307 358 3 100 8435979 0.002778
384 84 3 100 655 0.002779
185 265 3 100 8592441 0.002782
95 362 3 100 1023896 0.002783
303 216 3 100 21113 0.002783
238 44 3 100 22063 0.002786
211 278 3 100 265 0.002788
130 128 3 100 95848 0.002788
381 130 3 100 10935131 0.002789
278 280 3 100 35414 0.002790
258 169 3 100 336488 0.002793
155 288 3 100 403192 0.002798
230 270 3 100 36802 0.002798
378 277 3 100 264605 0.002799
122 349 3 100 87327 0.002799
323 249 3 100 58073 0.002799
158 74 3 100 3180 0.002800
315 187 3 100 5389 0.002801
107 269 3 100 3382695 0.002808
31 190 3 100 679 0.002811
73 246 3 100 16459 0.002812
62 386 3 100 31076 0.002813
298 393 3 100 488 0.002814
104 403 3 100 44913 0.002815
226 351 3 100 69887 0.002816
209 69 3 100 26186 0.002817
148 282 3 100 509016 0.002818
109 154 3 100 76441 0.002819
280 183 3 100 10294551 0.002821
49 163 3 100 68498 0.002822
213 192 3 100 20084 0.002824
214 93 3 100 55296 0.002825
77 276 3 100 30198 0.002826
318 322 3 100 51640 0.002827
255 168 3 100 66244 0.002827
357 22 3 100 104432 0.002828
380 166 3 100 3330724 0.002829
152 129 3 100 913636 0.002831
124 119 3 100 784924 0.002835
330 285 3 100 47437 0.002839
217 299 3 100 5896223 0.002840
31 380 3 100 833342 0.002844
334 167 3 100 26226 0.002847
198 283 3 100 55131 0.002847
191 28 3 100 89562 0.002848
118 335 3 100 103788 0.002851
275 171 3 100 5457771 0.002855
54 39 3 100 97706 0.002856
163 94 3 100 103443 0.002858
303 308 3 100 73856 0.002858
374 317 3 100 71353 0.002859
327 91 3 100 737099 0.002861
355 146 3 100 8093913 0.002861
119 159 3 100 98929 0.002861
20 355 3 100 48736 0.002862
148 150 3 100 1015141 0.002870
233 364 3 100 17567 0.002870
338 230 3 100 5606676 0.002874
172 317 3 100 1784 0.002874
315 146 3 100 247 0.002877
64 376 3 100 76526 0.002879
265 73 3 100 22137 0.002881
203 175 3 100 79341 0.002884
300 353 3 100 59884 0.002888
285 81 3 100 943972 0.002890
310 260 3 100 19492 0.002890
235 103 3 100 55069 0.002891
153 316 3 100 3266158 0.002892
292 383 3 100 47549 0.002893
249 242 3 100 93074 0.002893
181 284 3 100 1033066 0.002894
155 223 3 100 40197 0.002896
364 221 3 100 28809 0.002899
354 305 3 100 12408 0.002903
200 127 3 100 1017394 0.002904
153 108 3 100 77017 0.002907
185 159 3 100 68264 0.002907
231 319 3 100 8925 0.002908
144 298 3 100 1031603 0.002913
279 319 3 100 3156038 0.002914
368 138 3 100 70706 0.002916
94 308 3 100 445251 0.002917
84 87 3 100 23426 0.002919
30 348 3 100 648012 0.002923
237 381 3 100 276516 0.002924
132 43 3 100 43623 0.002928
385 148 3 100 266514 0.002928
268 94 3 100 4886283 0.002931
202 298 3 100 11082595 0.002934
350 173 3 100 599317 0.002934
213 349 3 100 9459948 0.002934
247 284 3 100 93612 0.002934
289 360 3 100 384497 0.002940
216 301 3 100 71045 0.002945
208 327 3 100 27259 0.002946
248 356 3 100 4003429 0.002947
32 52 3 100 8311124 0.002953
99 72 3 100 29096 0.002955
316 324 3 100 97776 0.002959
220 28 3 100 74287 0.002959
80 46 3 100 21839 0.002962
147 219 3 100 80934 0.002964
158 35 3 100 52995 0.002965
327 348 3 100 7853 0.002965
183 289 3 100 87678 0.002965
55 254 3 100 21419 0.002970
157 221 3 100 69611 0.002970
158 305 3 100 4521 0.002971
326 145 3 100 5707086 0.002973
43 354 3 100 97062 0.002973
354 26 3 100 38995 0.002976
284 42 3 100 53148 0.002978
192 329 3 100 8719542 0.002978
305 32 3 100 11015 0.002979
27 327 3 100 4939 0.002982
51 328 3 100 86735 0.002983
205 397 3 100 42855 0.002983
276 224 3 100 53950 0.002985
228 379 3 100 16393 0.002990
403 23 3 100 11469397 0.002990
353 358 3 100 10893743 0.002991
291 143 3 100 72823 0.002992
131 128 3 100 101739 0.002993
142 146 3 100 85824 0.002994
281 51 3 100 10983768 0.002995
354 82 3 100 24534 0.002995
288 164 3 100 66051 0.002996
155 165 3 100 39241 0.002996
210 70 3 100 3904581 0.002998
42 124 3 100 9840741 0.003000
115 69 3 100 19273 0.003001
182 38 3 100 2344 0.003003
92 158 3 100 75128 0.003003
193 249 3 100 10534028 0.003004
388 71 3 100 41546 0.003008
331 210 3 100 66925 0.003013
400 388 3 100 92507 0.003021
107 298 3 100 746964 0.003023
310 243 3 100 2083 0.003025
60 47 3 100 2624 0.003025
335 174 3 100 476866 0.003027
389 91 3 100 49052 0.003028
346 47 3 100 49527 0.003029
307 260 3 100 946085 0.003030
156 314 3 100 72662 0.003032
297 44 3 100 29887 0.003033
280 184 3 100 427271 0.003033
392 257 3 100 86473 0.003036
355 335 3 100 9371068 0.003037
255 85 3 100 123787 0.003037
274 83 3 100 1019666 0.003038
52 61 3 100 48164 0.003041
218 246 3 100 78731 0.003043
94 207 3 100 45001 0.003044
201 289 3 100 11730015 0.003045
293 321 3 100 8297 0.003045
267 175 3 100 8797658 0.003046
89 31 3 100 14723 0.003047
356 53 3 100 1112 0.003047
271 332 3 100 37048 0.003048
56 262 3 100 86651 0.003049
51 159 3 100 36047 0.003050
234 194 3 100 80898 0.003051
190 99 3 100 946875 0.003051
159 307 3 100 4389379 0.003052
283 180 3 100 74571 0.003058
73 361 3 100 24116 0.003062
341 63 3 100 256891 0.003063
270 255 3 100 102490 0.003063
390 110 3 100 815443 0.003065
271 120 3 100 6417 0.003066
399 340 3 100 12058 0.003068
99 22 3 100 101760 0.003075
240 224 3 100 82936 0.003076
367 182 3 100 80673 0.003077
207 141 3 100 87429 0.003078
50 301 3 100 22391 0.003078
88 147 3 100 6723812 0.003080
178 33 3 100 17695 0.003081
286 343 3 100 100580 0.003082
224 233 3 100 5746577 0.003082
351 371 3 100 4294653 0.003083
121 218 3 100 261310 0.003083
62 60 3 100 8331894 0.003086
180 264 3 100 12887 0.003086
366 23 3 100 49065 0.003086
45 53 3 100 75883 0.003087
167 280 3 100 64567 0.003088
220 73 3 100 20078 0.003088
397 64 3 100 76092 0.003089
362 70 3 100 38391 0.003090
130 365 3 100 65450 0.003090
206 240 3 100 36917 0.003091
292 304 3 100 10528189 0.003097
282 103 3 100 61415 0.003098
362 294 3 100 3975 0.003101
351 301 3 100 640254 0.003101
64 310 3 100 3426086 0.003102
186 137 3 100 74948 0.003103
120 32 3 100 46407 0.003107
96 84 3 100 4987169 0.003108
162 189 3 100 103813 0.003111
377 205 3 100 8000819 0.003115
377 61 3 100 9429250 0.003116
161 170 3 100 60366 0.003116
286 116 3 100 4584161 0.003118
25 28 3 100 68542 0.003118
94 118 3 100 10853730 0.003118
244 82 3 100 34888 0.003121
341 389 3 100 25887 0.003124
92 308 3 100 41768 0.003126
44 78 3 100 85406 0.003129
279 275 3 100 33158 0.003130
209 75 3 100 3073242 0.003130
224 363 3 100 402478 0.003132
38 204 3 100 85162 0.003132
177 278 3 100 36830 0.003132
212 244 3 100 33548 0.003134
202 360 3 100 449665 0.003135
400 253 3 100 6890435 0.003139
57 40 3 100 22045 0.003143
85 300 3 100 6396234 0.003144
346 203 3 100 662139 0.003146
361 301 3 100 4757366 0.003148
155 267 3 100 87982 0.003151
203 336 3 100 818001 0.003151
62 146 3 100 953836 0.003151
368 161 3 100 74988 0.003152
399 359 3 100 90326 0.003154
258 357 3 100 78545 0.003154
157 218 3 100 25718 0.003154
268 42 3 100 6529319 0.003155
85 110 3 100 6733780 0.003155
280 199 3 100 59805 0.003155
86 403 3 100 153176 0.003155
110 173 3 100 97868 0.003156
21 226 3 100 81650 0.003158
73 112 3 100 9228394 0.003158
370 96 3 100 10625555 0.003159
361 112 3 100 12271301 0.003166
174 125 3 100 170224 0.003169
156 182 3 100 11263378 0.003170
283 370 3 100 36295 0.003171
375 143 3 100 56099 0.003179
244 233 3 100 89977 0.003179
324 214 3 100 5049573 0.003180
198 368 3 100 98505 0.003182
248 386 3 100 10025 0.003186
369 325 3 100 73921 0.003186
350 110 3 100 146043 0.003195
112 354 3 100 70771 0.003195
158 94 3 100 6234169 0.003196
211 303 3 100 32218 0.003197
23 363 3 100 556409 0.003199
44 87 3 100 258757 0.003199
200 324 3 100 65186 0.003200
372 375 3 100 34367 0.003201
201 211 3 100 11186439 0.003201
166 256 3 100 76267 0.003205
400 117 3 100 103218 0.003205
204 238 3 100 11026311 0.003206
185 281 3 100 102720 0.003207
94 248 3 100 7331218 0.003208
237 83 3 100 365062 0.003209
222 379 3 100 29629 0.003210
156 157 3 100 4762133 0.003210
284 230 3 100 480917 0.003213
350 277 3 100 98364 0.003213
240 305 3 100 102562 0.003213
266 41 3 100 100525 0.003217
134 306 3 100 99089 0.003220
59 24 3 100 11870989 0.003221
98 341 3 100 289796 0.003221
264 397 3 100 26220 0.003221
131 298 3 100 81811 0.003222
151 45 3 100 628288 0.003226
136 64 3 100 6157248 0.003229
277 328 3 100 17099 0.003230
399 30 3 100 844796 0.003231
224 243 3 100 25899 0.003231
130 146 3 100 85363 0.003231
302 401 3 100 69303 0.003237
227 403 3 100 96097 0.003237
282 109 3 100 217295 0.003238
396 324 3 100 33037 0.003242
318 275 3 100 66570 0.003243
195 226 3 100 8427887 0.003243
143 23 3 100 15433 0.003245
54 181 3 100 1047824 0.003246
312 349 3 100 44806 0.003252
26 112 3 100 623679 0.003252
127 104 3 100 5853904 0.003256
365 102 3 100 4876756 0.003257
176 43 3 100 72498 0.003257
35 90 3 100 38685 0.003257
214 202 3 100 30440 0.003257
360 201 3 100 320143 0.003259
196 363 3 100 61011 0.003261
183 307 3 100 31500 0.003263
55 170 3 100 50752 0.003265
83 282 3 100 961950 0.003268
127 46 3 100 52751 0.003269
96 243 3 100 19766 0.003271
42 125 3 100 7248 0.003272
291 144 3 100 53831 0.003272
264 349 3 100 5012693 0.003272
396 364 3 100 30165 0.003275
326 264 3 100 18398 0.003277
193 98 3 100 5630491 0.003278
112 263 3 100 75566 0.003279
80 45 3 100 633271 0.003280
301 55 3 100 96879 0.003284
66 139 3 100 384491 0.003285
86 151 3 100 44419 0.003286
88 277 3 100 62665 0.003289
299 25 3 100 61618 0.003290
189 188 3 100 36491 0.003292
55 65 3 100 8294119 0.003294
337 274 3 100 291474 0.003297
39 347 3 100 102240 0.003299
335 46 3 100 33140 0.003301
144 198 3 100 9736538 0.003302
34 183 3 100 8703202 0.003302
399 65 3 100 65376 0.003303
250 20 3 100 87711 0.003304
266 219 3 100 556454 0.003306
24 400 3 100 84565 0.003308
95 72 3 100 65898 0.003310
274 352 3 100 4711437 0.003311
385 215 3 100 11610 0.003311
71 318 3 100 59437 0.003313
153 265 3 100 32102 0.003314
211 98 3 100 29123 0.003318
252 380 3 100 29797 0.003319
335 233 3 100 943969 0.003320
157 280 3 100 15811 0.003321
46 261 3 100 25250 0.003322
185 128 3 100 88809 0.003323
60 274 3 100 11581189 0.003327
255 102 3 100 49365 0.003329
247 336 3 100 12118987 0.003331
329 69 3 100 3923908 0.003334
398 128 3 100 68617 0.003334
215 102 3 100 491415 0.003337
339 359 3 100 25962 0.003339
71 210 3 100 10552779 0.003339
89 63 3 100 61716 0.003339
385 41 3 100 7496621 0.003342
364 346 3 100 879350 0.003343
346 36 3 100 100051 0.003345
113 338 3 100 193789 0.003346
96 53 3 100 91875 0.003347
97 139 3 100 608971 0.003351
28 286 3 100 11194717 0.003353
138 69 3 100 51900 0.003354
252 231 3 100 4858 0.003355
278 232 3 100 494389 0.003361
205 28 3 100 10075 0.003361
309 369 3 100 36016 0.003368
288 282 3 100 91695 0.003370
217 353 3 100 7530946 0.003371
394 159 3 100 983909 0.003372
371 403 3 100 5898849 0.003373
85 110 3 100 52356 0.003374
403 36 3 100 73722 0.003375
225 144 3 100 89822 0.003376
201 279 3 100 50826 0.003377
267 221 3 100 395500 0.003378
249 304 3 100 37644 0.003379
310 198 3 100 38753 0.003382
146 105 3 100 49161 0.003383
111 268 3 100 9116863 0.003385
394 203 3 100 14301 0.003385
67 131 3 100 11137305 0.003386
282 295 3 100 430084 0.003387
324 120 3 100 44559 0.003388
90 109 3 100 21581 0.003391
368 339 3 100 45724 0.003392
290 274 3 100 96448 0.003392
23 111 3 100 668967 0.003393
189 378 3 100 89947 0.003395
373 199 3 100 73268 0.003399
268 357 3 100 76790 0.003402
207 110 3 100 747546 0.003402
127 24 3 100 95876 0.003404
62 252 3 100 5135971 0.003404
223 222 3 100 255467 0.003408
402 180 3 100 81975 0.003408
158 162 3 100 673269 0.003409
146 39 3 100 8191509 0.003413
139 43 3 100 219434 0.003414
370 39 3 100 10111610 0.003416
378 311 3 100 8343389 0.003418
149 64 3 100 12258905 0.003419
149 92 3 100 17846 0.003421
74 139 3 100 31183 0.003422
235 28 3 100 8695229 0.003422
46 327 3 100 40783 0.003422
222 359 3 100 67105 0.003424
54 199 3 100 64741 0.003425
231 247 3 100 90134 0.003426
393 215 3 100 29825 0.003427
307 61 3 100 53301 0.003430
304 57 3 100 42805 0.003430
105 285 3 100 97101 0.003432
355 257 3 100 4760936 0.003434
220 30 3 100 1934 0.003440
371 167 3 100 78836 0.003440
136 278 3 100 63956 0.003440
92 311 3 100 58613 0.003446
170 199 3 100 43995 0.003449
21 359 3 100 39430 0.003450
348 366 3 100 498226 0.003450
309 359 3 100 995325 0.003453
322 348 3 100 87985 0.003454
72 237 3 100 40765 0.003456
192 55 3 100 85469 0.003459
227 321 3 100 918852 0.003459
116 348 3 100 7988003 0.003460
57 161 3 100 3420452 0.003460
268 214 3 100 49718 0.003461
29 322 3 100 793990 0.003464
21 122 3 100 773094 0.003466
361 47 3 100 48454 0.003466
246 397 3 100 6067532 0.003468
129 248 3 100 71481 0.003470
88 372 3 100 338 0.003472
341 102 3 100 46176 0.003472
356 374 3 100 61219 0.003473
48 211 3 100 520103 0.003473
301 337 3 100 71171 0.003474
170 224 3 100 80034 0.003474
279 280 3 100 7828823 0.003475
182 276 3 100 88527 0.003478
154 305 3 100 11179 0.003479
35 92 3 100 41778 0.003482
335 264 3 100 9083 0.003484
156 192 3 100 9987654 0.003486
173 253 3 100 3186167 0.003486
263 192 3 100 43178 0.003489
323 322 3 100 830809 0.003489
91 320 3 100 44183 0.003491
106 392 3 100 52841 0.003492
310 30 3 100 11146002 0.003492
327 36 3 100 74653 0.003495
262 236 3 100 83086 0.003495
209 86 3 100 8436504 0.003495
323 297 3 100 5386556 0.003498
119 123 3 100 102956 0.003499
245 171 3 100 9540 0.003503
250 260 3 100 41905 0.003504
229 271 3 100 64083 0.003507
280 215 3 100 11777 0.003507
153 198 3 100 10439365 0.003508
255 62 3 100 86909 0.003508
374 111 3 100 24301 0.003509
138 335 3 100 25298 0.003511
287 393 3 100 5176323 0.003512
127 133 3 100 3195 0.003514
384 335 3 100 34236 0.003514
117 149 3 100 51470 0.003514
309 322 3 100 44804 0.003515
28 259 3 100 50110 0.003518
236 67 3 100 8187015 0.003523
341 163 3 100 6657521 0.003523
48 110 3 100 4923599 0.003523
260 251 3 100 4060403 0.003531
122 77 3 100 26743 0.003532
312 144 3 100 3796022 0.003533
380 106 3 100 98243 0.003534
69 355 3 100 85148 0.003535
226 196 3 100 69699 0.003539
176 94 3 100 39954 0.003543
225 337 3 100 865408 0.003545
292 349 3 100 104338 0.003549
286 96 3 100 489743 0.003550
121 233 3 100 11252 0.003550
340 317 3 100 184351 0.003550
358 106 3 100 46532 0.003553
44 276 3 100 285491 0.003557
323 304 3 100 92254 0.003557
45 25 3 100 854763 0.003558
138 359 3 100 449018 0.003562
312 26 3 100 200050 0.003564
205 256 3 100 10196384 0.003564
217 146 3 100 65640 0.003564
178 335 3 100 80526 0.003567
49 181 3 100 2610 0.003567
374 140 3 100 630454 0.003569
271 22 3 100 22766 0.003571
119 130 3 100 19408 0.003574
28 266 3 100 5345999 0.003574
358 38 3 100 756412 0.003575
263 290 3 100 68353 0.003576
45 155 3 100 17119 0.003576
97 275 3 100 4636875 0.003577
372 367 3 100 142238 0.003577
39 75 3 100 45027 0.003578
314 349 3 100 24669 0.003578
192 174 3 100 10020573 0.003578
194 139 3 100 5090653 0.003579
311 156 3 100 63288 0.003579
233 45 3 100 32083 0.003581
373 78 3 100 24564 0.003582
283 259 3 100 799972 0.003582
304 228 3 100 5213652 0.003583
145 44 3 100 76485 0.003584
89 368 3 100 889543 0.003585
134 203 3 100 41369 0.003586
366 376 3 100 6690591 0.003586
113 355 3 100 100764 0.003587
111 245 3 100 31515 0.003587
98 389 3 100 16598 0.003588
111 357 3 100 11836 0.003588
298 128 3 100 82467 0.003589
188 348 3 100 8298 0.003589
113 348 3 100 82239 0.003590
190 143 3 100 68256 0.003592
228 372 3 100 17308 0.003593
147 397 3 100 114271 0.003596
258 28 3 100 54645 0.003596
312 362 3 100 4724350 0.003598
118 317 3 100 12207 0.003598
94 207 3 100 842 0.003600
160 387 3 100 373529 0.003601
402 35 3 100 55867 0.003603
397 248 3 100 273177 0.003604
127 104 3 100 8236787 0.003606
385 209 3 100 73248 0.003608
189 83 3 100 46174 0.003609
166 290 3 100 75645 0.003609
320 115 3 100 39093 0.003611
230 258 3 100 13124 0.003612
345 388 3 100 38264 0.003614
388 203 3 100 690958 0.003618
355 25 3 100 37407 0.003618
207 325 3 100 104376 0.003618
104 201 3 100 533511 0.003618
341 255 3 100 320102 0.003619
381 277 3 100 91684 0.003620
386 383 3 100 9008 0.003620
254 205 3 100 10661360 0.003627
130 40 3 100 57699 0.003629
197 72 3 100 210469 0.003631
332 96 3 100 61798 0.003633
256 334 3 100 58689 0.003636
112 271 3 100 735383 0.003636
155 140 3 100 77183 0.003638
236 232 3 100 616309 0.003643
380 265 3 100 798858 0.003644
146 125 3 100 10175464 0.003644
109 102 3 100 51756 0.003644
276 87 3 100 3426 0.003647
361 136 3 100 26152 0.003650
33 126 3 100 10121 0.003651
349 321 3 100 28676 0.003652
332 42 3 100 7197183 0.003655
306 252 3 100 30514 0.003660
138 35 3 100 15707 0.003663
239 124 3 100 85320 0.003666
296 69 3 100 145690 0.003668
230 225 3 100 51601 0.003668
180 111 3 100 7918427 0.003669
377 296 3 100 8287069 0.003672
288 300 3 100 44744 0.003672
302 82 3 100 24391 0.003672
27 81 3 100 5245 0.003678
361 359 3 100 11263798 0.003681
114 317 3 100 101945 0.003681
72 326 3 100 50239 0.003682
316 354 3 100 57292 0.003683
175 132 3 100 6742137 0.003683
309 102 3 100 75297 0.003685
268 302 3 100 7644 0.003685
72 160 3 100 981323 0.003687
95 63 3 100 19989 0.003689
277 378 3 100 51206 0.003690
392 186 3 100 14522 0.003690
284 128 3 100 3944436 0.003692
98 77 3 100 103340 0.003692
94 305 3 100 86599 0.003694
344 95 3 100 103547 0.003694
73 330 3 100 30147 0.003695
78 280 3 100 22624 0.003698
73 137 3 100 62737 0.003698
342 177 3 100 7474146 0.003699
82 177 3 100 901406 0.003701
159 218 3 100 37647 0.003701
373 126 3 100 61193 0.003702
389 355 3 100 104358 0.003705
210 383 3 100 73685 0.003707
330 364 3 100 5492 0.003711
55 258 3 100 97165 0.003712
399 316 3 100 7299379 0.003712
348 159 3 100 139153 0.003714
58 357 3 100 87423 0.003715
107 398 3 100 34857 0.003718
267 39 3 100 17168 0.003718
372 245 3 100 6012435 0.003719
228 64 3 100 57501 0.003720
323 133 3 100 49466 0.003721
96 375 3 100 90425 0.003721
275 369 3 100 99951 0.003724
93 382 3 100 49829 0.003728
262 376 3 100 26750 0.003728
327 326 3 100 42571 0.003733
217 107 3 100 68745 0.003735
65 58 3 100 58188 0.003739
184 113 3 100 42210 0.003740
85 60 3 100 85925 0.003743
276 134 3 100 3017 0.003746
41 269 3 100 5483057 0.003746
256 364 3 100 480205 0.003747
386 123 3 100 75838 0.003747
75 167 3 100 8391 0.003754
329 182 3 100 3073 0.003756
234 346 3 100 66104 0.003757
117 388 3 100 401842 0.003760
54 80 3 100 97716 0.003762
38 374 3 100 4239 0.003762
383 261 3 100 137256 0.003763
310 92 3 100 20977 0.003763
231 313 3 100 7042923 0.003766
161 50 3 100 66768 0.003766
311 131 3 100 84965 0.003767
377 397 3 100 4148753 0.003769
70 116 3 100 175294 0.003769
108 304 3 100 89758 0.003770
355 196 3 100 17199 0.003770
256 141 3 100 3700058 0.003770
209 224 3 100 72203 0.003771
165 146 3 100 76084 0.003772
47 122 3 100 3687025 0.003776
205 49 3 100 18828 0.003776
337 107 3 100 3725 0.003776
258 365 3 100 5608908 0.003777
319 393 3 100 563566 0.003779
225 350 3 100 27288 0.003780
310 35 3 100 59451 0.003782
135 127 3 100 76059 0.003784
221 370 3 100 76661 0.003785
94 165 3 100 7608853 0.003787
226 355 3 100 101784 0.003788
58 266 3 100 6808423 0.003788
367 24 3 100 3848490 0.003792
173 239 3 100 37133 0.003792
234 276 3 100 7842 0.003792
84 320 3 100 1041705 0.003792
186 386 3 100 5722849 0.003793
76 340 3 100 4782010 0.003794
324 325 3 100 3111347 0.003794
256 41 3 100 9173817 0.003798
80 313 3 100 8462060 0.003800
316 356 3 100 10890753 0.003800
188 242 3 100 20230 0.003801
48 66 3 100 16256 0.003804
222 398 3 100 37854 0.003806
373 283 3 100 32471 0.003807
122 84 3 100 44132 0.003807
302 374 3 100 72102 0.003810
208 82 3 100 33009 0.003813
237 220 3 100 4398078 0.003821
352 252 3 100 11538 0.003821
77 48 3 100 24574 0.003821
112 356 3 100 905018 0.003822
253 203 3 100 11242533 0.003822
362 183 3 100 8634 0.003824
65 233 3 100 78185 0.003825
257 125 3 100 101773 0.003829
340 292 3 100 3171949 0.003830
170 193 3 100 24510 0.003831
300 313 3 100 543104 0.003832
397 68 3 100 7721192 0.003833
383 213 3 100 10759 0.003836
258 306 3 100 99720 0.003836
336 276 3 100 100880 0.003837
334 90 3 100 5900470 0.003838
134 105 3 100 16911 0.003839
23 187 3 100 50017 0.003840
348 162 3 100 39660 0.003843
311 375 3 100 72528 0.003845
70 86 3 100 7435733 0.003845
60 306 3 100 851979 0.003846
194 287 3 100 66578 0.003848
218 43 3 100 23490 0.003851
107 23 3 100 5201 0.003851
388 236 3 100 74331 0.003852
44 76 3 100 503781 0.003855
142 327 3 100 23955 0.003856
303 98 3 100 40894 0.003857
399 375 3 100 10063923 0.003859
401 128 3 100 5763539 0.003862
173 52 3 100 63950 0.003865
386 273 3 100 100079 0.003867
381 373 3 100 19998 0.003867
36 112 3 100 6863011 0.003873
20 347 3 100 7002 0.003876
239 283 3 100 42443 0.003878
47 35 3 100 249083 0.003878
68 216 3 100 9489949 0.003878
254 66 3 100 21960 0.003882
37 186 3 100 765329 0.003885
264 303 3 100 92612 0.003886
238 126 3 100 78683 0.003886
36 56 3 100 673501 0.003887
293 158 3 100 559874 0.003891
403 242 3 100 6840346 0.003893
272 31 3 100 65843 0.003893
397 292 3 100 78849 0.003894
347 47 3 100 3918893 0.003896
402 114 3 100 40756 0.003898
120 302 3 100 382243 0.003899
380 78 3 100 11102358 0.003901
256 111 3 100 54832 0.003901
400 192 3 100 16111 0.003906
126 226 3 100 29480 0.003906
49 313 3 100 88233 0.003907
194 200 3 100 36767 0.003908
238 398 3 100 8006761 0.003909
342 226 3 100 104246 0.003910
198 126 3 100 750679 0.003911
344 303 3 100 885209 0.003911
225 293 3 100 55013 0.003911
345 100 3 100 575461 0.003912
26 23 3 100 58349 0.003912
233 307 3 100 22058 0.003914
150 240 3 100 6885906 0.003914
396 120 3 100 664817 0.003915
272 227 3 100 103020 0.003915
92 154 3 100 10264768 0.003920
143 300 3 100 53438 0.003922
354 58 3 100 97909 0.003922
202 253 3 100 4783955 0.003924
55 191 3 100 3746593 0.003926
96 188 3 100 7554693 0.003926
354 150 3 100 2538 0.003929
143 317 3 100 766249 0.003930
400 188 3 100 46891 0.003931
93 123 3 100 59967 0.003932
307 124 3 100 879 0.003935
306 236 3 100 5481557 0.003935
180 53 3 100 35574 0.003935
139 199 3 100 5185279 0.003936
127 138 3 100 31187 0.003939
198 35 3 100 5933230 0.003947
382 274 3 100 409817 0.003948
344 277 3 100 3983224 0.003948
77 363 3 100 723180 0.003949
324 180 3 100 879224 0.003949
245 220 3 100 18253 0.003949
380 120 3 100 11611856 0.003950
191 159 3 100 96037 0.003951
325 62 3 100 6586182 0.003953
26 45 3 100 93171 0.003955
196 32 3 100 83901 0.003955
121 88 3 100 13636 0.003957
327 244 3 100 575176 0.003966
256 194 3 100 81845 0.003969
330 191 3 100 6828329 0.003970
108 341 3 100 75479 0.003973
114 148 3 100 43198 0.003973
226 372 3 100 531371 0.003974
172 244 3 100 17471 0.003974
297 301 3 100 15154 0.003980
185 386 3 100 657137 0.003984
223 56 3 100 428061 0.003986
97 138 3 100 7706244 0.003986
258 246 3 100 22870 0.003987
366 393 3 100 140982 0.003987
179 199 3 100 92390 0.003989
315 58 3 100 82193 0.003990
42 351 3 100 27147 0.003990
166 208 3 100 10520219 0.003991
299 325 3 100 59066 0.003992
212 315 3 100 9186279 0.003993
114 314 3 100 68494 0.003994
25 118 3 100 309943 0.003995
349 304 3 100 57888 0.003999
375 78 3 100 49193 0.003999
370 301 3 100 24191 0.003999
73 392 3 100 74310 0.004001
156 213 3 100 25550 0.004002
168 317 3 100 765762 0.004003
225 108 3 100 7007487 0.004005
142 370 3 100 8132794 0.004005
348 182 3 100 77289 0.004006
318 175 3 100 55389 0.004009
375 233 3 100 21612 0.004009
21 289 3 100 76147 0.004010
399 293 3 100 3135938 0.004012
272 357 3 100 9776874 0.004014
150 198 3 100 22 0.004017
211 37 3 100 13171 0.004018
274 26 3 100 98758 0.004018
99 307 3 100 568381 0.004020
181 162 3 100 11211268 0.004021
266 328 3 100 100546 0.004023
47 43 3 100 10170632 0.004023
177 101 3 100 745123 0.004025
59 392 3 100 57215 0.004026
335 150 3 100 8290760 0.004029
367 371 3 100 75505 0.004032
20 270 3 100 55897 0.004033
377 164 3 100 481003 0.004035
51 96 3 100 70450 0.004035
169 173 3 100 9461666 0.004037
229 240 3 100 67906 0.004037
219 235 3 100 9718730 0.004037
258 387 3 100 7240394 0.004038
186 323 3 100 73150 0.004039
286 377 3 100 83110 0.004039
169 172 3 100 3244757 0.004045
321 291 3 100 977459 0.004045
82 201 3 100 61983 0.004046
135 147 3 100 715612 0.004047
346 107 3 100 4780042 0.004048
183 142 3 100 96343 0.004048
97 306 3 100 999181 0.004049
266 93 3 100 295597 0.004049
164 58 3 100 101711 0.004051
153 228 3 100 99667 0.004051
74 105 3 100 14723 0.004051
144 95 3 100 643577 0.004052
133 392 3 100 7679002 0.004056
126 63 3 100 58464 0.004058
165 301 3 100 4139055 0.004059
88 394 3 100 1023867 0.004060
383 135 3 100 43838 0.004061
298 155 3 100 42939 0.004061
52 313 3 100 39601 0.004062
249 140 3 100 18471 0.004062
248 26 3 100 61863 0.004067
326 325 3 100 75943 0.004068
262 52 3 100 27939 0.004072
144 303 3 100 3212063 0.004073
41 44 3 100 57760 0.004073
324 291 3 100 91747 0.004075
108 195 3 100 89103 0.004075
45 150 3 100 5595609 0.004076
279 102 3 100 796317 0.004080
198 186 3 100 12348 0.004081
89 311 3 100 12608 0.004081
153 79 3 100 66976 0.004081
119 79 3 100 5795065 0.004085
276 280 3 100 8675247 0.004087
191 194 3 100 456507 0.004087
27 245 3 100 7293908 0.004090
82 133 3 100 73073 0.004090
223 22 3 100 81428 0.004091
272 333 3 100 58507 0.004091
158 129 3 100 791833 0.004094
376 241 3 100 96295 0.004097
224 269 3 100 508237 0.004100
324 37 3 100 34382 0.004102
394 276 3 100 657687 0.004103
102 381 3 100 9717 0.004103
330 165 3 100 71854 0.004103
82 109 3 100 63374 0.004105
252 89 3 100 7293058 0.004105
76 57 3 100 5423 0.004106
322 108 3 100 10732390 0.004106
137 178 3 100 104779 0.004109
263 369 3 100 41669 0.004110
94 311 3 100 11141194 0.004110
327 30 3 100 76283 0.004110
89 317 3 100 5986 0.004112
185 262 3 100 8689 0.004112
378 400 3 100 106483 0.004116
115 175 3 100 7565842 0.004117
65 142 3 100 855340 0.004118
166 84 3 100 383884 0.004118
25 358 3 100 3527037 0.004120
245 127 3 100 52674 0.004121
22 125 3 100 3213669 0.004122
239 171 3 100 481703 0.004123
188 204 3 100 24069 0.004123
62 182 3 100 66085 0.004123
323 126 3 100 518960 0.004125
372 168 3 100 460315 0.004125
162 251 3 100 197881 0.004127
218 166 3 100 6861643 0.004130
295 274 3 100 9895558 0.004131
105 255 3 100 76192 0.004132
100 64 3 100 81369 0.004135
390 370 3 100 5963508 0.004138
232 380 3 100 7259 0.004138
101 365 3 100 56486 0.004140
325 277 3 100 4936358 0.004140
195 210 3 100 78294 0.004141
298 297 3 100 10185390 0.004145
69 375 3 100 26984 0.004146
313 121 3 100 920848 0.004146
169 245 3 100 35929 0.004146
386 177 3 100 48580 0.004146
355 99 3 100 99520 0.004146
211 330 3 100 7926 0.004146
365 308 3 100 18944 0.004149
238 194 3 100 19819 0.004149
61 64 3 100 56011 0.004150
374 320 3 100 11625920 0.004151
285 37 3 100 32914 0.004153
282 102 3 100 8510365 0.004154
270 111 3 100 44323 0.004155
279 264 3 100 7162181 0.004155
286 355 3 100 8194640 0.004155
185 375 3 100 75933 0.004161
106 372 3 100 48751 0.004162
165 274 3 100 5805877 0.004163
328 324 3 100 20716 0.004163
207 262 3 100 73082 0.004165
402 21 3 100 7649957 0.004167
263 371 3 100 19461 0.004173
355 98 3 100 78441 0.004175
360 357 3 100 89707 0.004179
377 155 3 100 101508 0.004180
164 396 3 100 36104 0.004181
312 40 3 100 41918 0.004182
213 399 3 100 525449 0.004184
109 275 3 100 95965 0.004185
366 189 3 100 14243 0.004186
263 322 3 100 527384 0.004187
330 143 3 100 3456412 0.004188
357 261 3 100 20248 0.004190
244 171 3 100 253871 0.004190
356 24 3 100 94276 0.004190
82 164 3 100 8066 0.004192
379 185 3 100 9509195 0.004195
113 245 3 100 12254672 0.004195
97 341 3 100 2102 0.004197
264 262 3 100 99419 0.004198
28 139 3 100 754692 0.004199
132 252 3 100 39422 0.004200
70 369 3 100 63939 0.004201
270 60 3 100 821850 0.004201
126 217 3 100 51473 0.004201
112 235 3 100 23220 0.004203
359 264 3 100 547308 0.004203
170 41 3 100 4105 0.004204
339 251 3 100 28833 0.004205
214 228 3 100 61680 0.004207
149 284 3 100 56851 0.004212
359 169 3 100 56410 0.004213
391 162 3 100 836196 0.004215
177 76 3 100 10060 0.004216
239 254 3 100 31715 0.004216
145 156 3 100 40286 0.004222
165 143 3 100 539435 0.004223
65 260 3 100 26625 0.004227
35 213 3 100 94895 0.004229
210 30 3 100 8988 0.004231
93 272 3 100 101403 0.004236
205 346 3 100 67976 0.004236
224 330 3 100 5975638 0.004238
311 160 3 100 934129 0.004238
121 103 3 100 82951 0.004239
325 26 3 100 70780 0.004239
305 272 3 100 258184 0.004239
384 360 3 100 4657368 0.004241
293 30 3 100 36532 0.004243
272 57 3 100 40303 0.004244
120 146 3 100 65213 0.004248
42 102 3 100 38430 0.004249
56 200 3 100 9597590 0.004251
288 180 3 100 33001 0.004253
273 269 3 100 90388 0.004255
47 360 3 100 249131 0.004257
235 184 3 100 24488 0.004264
374 103 3 100 384259 0.004266
95 96 3 100 6989574 0.004267
90 295 3 100 24130 0.004267
37 250 3 100 766383 0.004272
23 99 3 100 114254 0.004273
336 66 3 100 79900 0.004273
113 333 3 100 6363 0.004273
194 91 3 100 68841 0.004273
293 158 3 100 23570 0.004276
257 162 3 100 4182251 0.004276
183 377 3 100 97237 0.004277
351 331 3 100 64103 0.004279
305 118 3 100 24487 0.004279
125 64 3 100 7766 0.004279
225 315 3 100 29598 0.004280
236 49 3 100 51289 0.004280
72 86 3 100 625359 0.004283
228 302 3 100 66527 0.004284
255 145 3 100 375436 0.004286
336 319 3 100 18451 0.004286
214 87 3 100 36493 0.004287
393 51 3 100 853896 0.004288
384 79 3 100 86562 0.004293
212 393 3 100 101579 0.004293
282 400 3 100 7224316 0.004298
110 27 3 100 7605457 0.004301
109 38 3 100 58822 0.004302
230 336 3 100 7316019 0.004305
60 152 3 100 39790 0.004308
388 234 3 100 7890829 0.004310
143 46 3 100 78093 0.004313
234 128 3 100 79395 0.004314
171 75 3 100 28581 0.004316
184 325 3 100 5059 0.004318
320 403 3 100 2372 0.004320
169 360 3 100 1026933 0.004324
108 23 3 100 26361 0.004325
375 239 3 100 55530 0.004326
298 148 3 100 96316 0.004328
77 340 3 100 27125 0.004329
130 153 3 100 990078 0.004329
387 208 3 100 19757 0.004330
69 73 3 100 72692 0.004330
344 130 3 100 50990 0.004333
231 354 3 100 541425 0.004333
321 286 3 100 7225 0.004334
204 327 3 100 10417033 0.004335
338 109 3 100 750137 0.004336
229 87 3 100 960967 0.004337
321 92 3 100 88864 0.004339
316 272 3 100 34535 0.004343
212 328 3 100 816178 0.004343
135 222 3 100 85306 0.004344
249 138 3 100 15449 0.004346
255 258 3 100 57343 0.004347
316 283 3 100 33343 0.004352
64 113 3 100 93904 0.004353
188 158 3 100 6419427 0.004354
88 53 3 100 11137653 0.004354
59 179 3 100 44791 0.004355
79 205 3 100 78212 0.004355
232 195 3 100 11030 0.004356
33 147 3 100 86041 0.004360
39 36 3 100 793301 0.004360
355 66 3 100 3814 0.004361
345 127 3 100 58879 0.004361
321 351 3 100 2098 0.004361
276 102 3 100 40708 0.004362
130 33 3 100 86661 0.004362
250 348 3 100 10209462 0.004363
250 328 3 100 24597 0.004365
198 120 3 100 9573800 0.004366
195 69 3 100 84151 0.004368
124 385 3 100 5952348 0.004370
190 220 3 100 7587083 0.004371
290 327 3 100 3194360 0.004373
192 131 3 100 1043719 0.004373
124 138 3 100 1047973 0.004376
142 379 3 100 1970 0.004377
33 92 3 100 13735 0.004379
80 158 3 100 11421316 0.004383
360 258 3 100 51913 0.004387
110 198 3 100 25176 0.004392
396 81 3 100 8431640 0.004395
86 58 3 100 5457 0.004396
104 229 3 100 32023 0.004398
398 366 3 100 90954 0.004399
321 397 3 100 399992 0.004400
248 260 3 100 771074 0.004401
386 227 3 100 9279 0.004401
89 317 3 100 83798 0.004401
340 237 3 100 50265 0.004402
368 356 3 100 10006749 0.004406
111 262 3 100 8570462 0.004406
153 123 3 100 12413936 0.004409
102 129 3 100 87946 0.004409
187 291 3 100 89628 0.004409
353 178 3 100 276926 0.004411
37 153 3 100 14763 0.004417
220 245 3 100 74669 0.004417
205 173 3 100 392936 0.004418
284 214 3 100 69115 0.004419
268 105 3 100 858248 0.004419
97 305 3 100 19397 0.004421
238 147 3 100 295197 0.004422
197 146 3 100 83492 0.004423
347 289 3 100 184703 0.004424
345 72 3 100 70947 0.004424
368 36 3 100 62770 0.004424
229 119 3 100 11243528 0.004430
388 274 3 100 7779 0.004433
280 389 3 100 6593 0.004433
232 146 3 100 54974 0.004434
347 92 3 100 318762 0.004436
40 220 3 100 9655260 0.004437
204 95 3 100 654739 0.004441
398 183 3 100 57757 0.004445
48 39 3 100 10107218 0.004451
23 139 3 100 45480 0.004451
383 77 3 100 713212 0.004451
283 33 3 100 56480 0.004452
396 366 3 100 26856 0.004455
102 343 3 100 79635 0.004455
352 131 3 100 11690547 0.004456
119 53 3 100 6980 0.004456
77 69 3 100 40200 0.004459
191 382 3 100 50358 0.004460
200 242 3 100 880663 0.004462
51 301 3 100 147113 0.004463
231 155 3 100 28971 0.004464
371 280 3 100 384732 0.004465
383 58 3 100 31277 0.004466
248 268 3 100 200786 0.004469
92 298 3 100 95866 0.004470
70 255 3 100 54440 0.004471
247 365 3 100 65421 0.004473
77 277 3 100 94884 0.004476
197 101 3 100 8648598 0.004479
248 300 3 100 91144 0.004482
372 99 3 100 66528 0.004482
86 44 3 100 912932 0.004485
351 87 3 100 5665871 0.004485
25 271 3 100 12672 0.004486
312 163 3 100 59748 0.004487
89 302 3 100 18572 0.004491
239 266 3 100 61398 0.004494
193 57 3 100 53443 0.004496
180 399 3 100 28061 0.004496
328 101 3 100 338941 0.004498
44 271 3 100 310480 0.004498
216 342 3 100 18728 0.004498
172 95 3 100 10711 0.004500
249 328 3 100 13109 0.004501
38 127 3 100 418887 0.004501
311 42 3 100 753564 0.004502
335 364 3 100 104304 0.004503
168 266 3 100 3725509 0.004504
354 218 3 100 43318 0.004505
403 386 3 100 21748 0.004506
309 359 3 100 14232 0.004506
217 283 3 100 66774 0.004506
195 385 3 100 12236025 0.004507
236 351 3 100 98584 0.004508
113 181 3 100 50743 0.004510
188 70 3 100 81175 0.004511
378 132 3 100 390055 0.004511
288 52 3 100 2543 0.004512
29 376 3 100 19129 0.004514
87 172 3 100 50564 0.004519
66 315 3 100 5634555 0.004520
296 171 3 100 58759 0.004521
117 336 3 100 4857 0.004522
237 230 3 100 59381 0.004526
29 104 3 100 70749 0.004529
150 128 3 100 7582562 0.004531
75 229 3 100 3885404 0.004532
92 117 3 100 67652 0.004533
195 193 3 100 3928857 0.004533
241 142 3 100 61858 0.004535
87 228 3 100 489106 0.004537
232 40 3 100 53357 0.004539
237 56 3 100 42342 0.004541
378 243 3 100 26041 0.004542
111 63 3 100 56167 0.004543
328 72 3 100 300 0.004546
355 25 3 100 32364 0.004546
397 171 3 100 17607 0.004549
264 235 3 100 5489808 0.004550
191 304 3 100 2985608 0.004550
74 400 3 100 97392 0.004551
247 159 3 100 99209 0.004554
64 311 3 100 9357395 0.004556
260 272 3 100 1037533 0.004556
336 210 3 100 73805 0.004556
191 122 3 100 101241 0.004557
252 243 3 100 841452 0.004558
266 26 3 100 26246 0.004561
217 198 3 100 19678 0.004564
377 391 3 100 10123 0.004564
119 176 3 100 9218 0.004566
222 285 3 100 5568638 0.004567
209 68 3 100 1002122 0.004567
178 310 3 100 80283 0.004567
357 245 3 100 68459 0.004568
209 141 3 100 58643 0.004574
40 130 3 100 90358 0.004576
84 314 3 100 557342 0.004577
228 134 3 100 10645140 0.004578
97 280 3 100 8215540 0.004579
204 169 3 100 97056 0.004580
175 229 3 100 78856 0.004581
65 148 3 100 95284 0.004582
255 274 3 100 259448 0.004585
27 103 3 100 91102 0.004587
105 218 3 100 8743411 0.004588
285 354 3 100 810530 0.004590
306 195 3 100 76330 0.004591
253 355 3 100 56022 0.004595
124 109 3 100 84832 0.004595
319 226 3 100 9378199 0.004595
225 112 3 100 72824 0.004596
143 302 3 100 31762 0.004599
237 198 3 100 102688 0.004599
33 36 3 100 58455 0.004603
319 55 3 100 94831 0.004607
143 104 3 100 1394 0.004611
139 27 3 100 3984 0.004613
298 302 3 100 10616 0.004615
289 202 3 100 1029551 0.004617
181 214 3 100 32862 0.004618
254 352 3 100 100417 0.004620
370 319 3 100 12192 0.004620
299 301 3 100 8280379 0.004620
168 403 3 100 93022 0.004621
108 348 3 100 58689 0.004622
382 340 3 100 511582 0.004627
380 271 3 100 103998 0.004628
368 163 3 100 8962300 0.004628
171 208 3 100 567 0.004629
228 163 3 100 64461 0.004630
86 396 3 100 11919158 0.004630
356 381 3 100 85920 0.004631
225 366 3 100 37061 0.004633
24 103 3 100 92059 0.004633
219 131 3 100 328459 0.004633
54 249 3 100 466798 0.004634
260 317 3 100 11522501 0.004636
41 254 3 100 12978 0.004637
279 55 3 100 324143 0.004637
395 393 3 100 40567 0.004637
313 282 3 100 85800 0.004640
271 141 3 100 35327 0.004640
102 138 3 100 88657 0.004640
279 124 3 100 58389 0.004648
295 272 3 100 10009 0.004648
58 329 3 100 79833 0.004648
363 262 3 100 439328 0.004649
289 360 3 100 344484 0.004651
113 216 3 100 12031312 0.004659
383 295 3 100 763779 0.004660
326 256 3 100 37670 0.004665
260 38 3 100 17466 0.004666
249 198 3 100 33487 0.004667
184 215 3 100 11248131 0.004671
254 292 3 100 53734 0.004673
332 313 3 100 59277 0.004675
240 102 3 100 12022 0.004676
53 72 3 100 28459 0.004678
85 211 3 100 53541 0.004678
211 114 3 100 15203 0.004679
371 140 3 100 52404 0.004680
83 304 3 100 12626 0.004682
218 58 3 100 69648 0.004684
118 31 3 100 29490 0.004689
133 295 3 100 8834548 0.004689
325 56 3 100 20627 0.004690
203 205 3 100 27557 0.004691
169 124 3 100 12465 0.004693
389 377 3 100 262895 0.004695
194 205 3 100 650955 0.004695
46 367 3 100 55086 0.004697
347 26 3 100 7591157 0.004697
238 298 3 100 15442 0.004698
259 113 3 100 4293755 0.004699
366 272 3 100 52743 0.004699
95 267 3 100 52894 0.004700
155 195 3 100 10875946 0.004700
44 66 3 100 9677865 0.004701
131 218 3 100 17564 0.004704
398 189 3 100 652777 0.004707
293 71 3 100 49147 0.004712
162 393 3 100 297698 0.004712
81 26 3 100 50665 0.004712
186 387 3 100 54069 0.004712
114 66 3 100 74307 0.004713
245 170 3 100 75391 0.004713
97 287 3 100 3067552 0.004713
104 208 3 100 537512 0.004716
51 300 3 100 43535 0.004718
153 299 3 100 10020817 0.004722
247 153 3 100 38089 0.004723
331 209 3 100 22414 0.004723
212 371 3 100 679628 0.004726
162 182 3 100 7363118 0.004728
202 106 3 100 184946 0.004730
119 170 3 100 235514 0.004736
197 127 3 100 11838758 0.004737
74 24 3 100 77242 0.004739
112 58 3 100 89505 0.004742
253 193 3 100 34558 0.004743
30 64 3 100 11641 0.004743
176 215 3 100 33186 0.004744
399 184 3 100 80487 0.004745
330 355 3 100 599174 0.004746
110 55 3 100 1411 0.004752
76 340 3 100 4379152 0.004753
83 240 3 100 5132 0.004753
31 153 3 100 99622 0.004753
273 309 3 100 4316756 0.004755
256 258 3 100 78584 0.004755
251 324 3 100 73050 0.004755
217 87 3 100 85388 0.004756
29 101 3 100 40967 0.004757
366 167 3 100 576497 0.004763
63 104 3 100 4722267 0.004764
369 307 3 100 12740 0.004765
372 75 3 100 94232 0.004769
121 293 3 100 35828 0.004769
370 305 3 100 39403 0.004769
100 114 3 100 10126615 0.004773
247 260 3 100 12902 0.004774
194 224 3 100 42212 0.004777
320 104 3 100 49990 0.004778
153 313 3 100 77604 0.004781
324 216 3 100 12198926 0.004783
177 123 3 100 50660 0.004783
35 206 3 100 4270152 0.004784
111 391 3 100 76782 0.004785
268 159 3 100 3046444 0.004786
239 132 3 100 8344623 0.004787
278 312 3 100 69789 0.004790
65 246 3 100 3280711 0.004790
21 255 3 100 96623 0.004790
162 397 3 100 12013 0.004792
386 357 3 100 11434 0.004792
304 63 3 100 215347 0.004794
174 49 3 100 498541 0.004794
210 375 3 100 20871 0.004794
232 147 3 100 3965665 0.004794
292 318 3 100 6128 0.004795
188 223 3 100 27257 0.004795
196 125 3 100 958518 0.004796
31 326 3 100 88891 0.004798
128 233 3 100 5976565 0.004800
56 347 3 100 370668 0.004803
84 237 3 100 1024975 0.004805
125 275 3 100 72270 0.004807
124 346 3 100 200963 0.004808
401 294 3 100 4951331 0.004810
213 87 3 100 76590 0.004811
137 60 3 100 51240 0.004812
354 312 3 100 70284 0.004816
349 104 3 100 44297 0.004817
393 258 3 100 855941 0.004818
229 44 3 100 9518835 0.004820
310 349 3 100 9013 0.004821
370 29 3 100 19257 0.004822
46 285 3 100 5647821 0.004824
376 302 3 100 80932 0.004826
35 359 3 100 5323510 0.004827
145 324 3 100 78753 0.004831
122 382 3 100 683188 0.004831
282 132 3 100 6962 0.004832
237 46 3 100 11161468 0.004834
237 287 3 100 214401 0.004835
285 119 3 100 21902 0.004840
128 402 3 100 1043442 0.004844
264 202 3 100 7382 0.004846
282 368 3 100 309114 0.004847
255 72 3 100 15818 0.004848
226 304 3 100 8824 0.004848
142 235 3 100 9100 0.004849
33 45 3 100 57682 0.004849
244 53 3 100 6198706 0.004850
119 130 3 100 822387 0.004852
326 56 3 100 91700 0.004861
362 374 3 100 45051 0.004870
41 312 3 100 59386 0.004873
115 34 3 100 7616 0.004874
132 225 3 100 553590 0.004876
59 267 3 100 593179 0.004876
252 392 3 100 14127 0.004878
170 296 3 100 11426247 0.004879
105 251 3 100 75667 0.004881
99 220 3 100 51164 0.004882
371 48 3 100 2950 0.004882
235 136 3 100 581604 0.004882
28 326 3 100 8826558 0.004888
36 141 3 100 4030077 0.004890
373 320 3 100 7954873 0.004893
25 38 3 100 12237 0.004893
50 33 3 100 23700 0.004894
256 248 3 100 19184 0.004897
184 291 3 100 6114784 0.004897
53 282 3 100 1033324 0.004901
292 266 3 100 631263 0.004901
188 155 3 100 98846 0.004902
98 343 3 100 96839 0.004903
240 91 3 100 77178 0.004904
37 50 3 100 76891 0.004905
117 164 3 100 32534 0.004905
326 137 3 100 10499518 0.004911
182 78 3 100 80313 0.004913
51 204 3 100 27551 0.004914
371 151 3 100 19985 0.004918
330 203 3 100 51511 0.004926
169 111 3 100 9791 0.004927
50 294 3 100 84497 0.004927
93 344 3 100 684313 0.004929
117 331 3 100 9393084 0.004930
200 243 3 100 18340 0.004932
283 129 3 100 11702 0.004933
175 61 3 100 14322 0.004934
183 257 3 100 9717029 0.004935
252 52 3 100 16545 0.004936
287 158 3 100 94079 0.004938
397 235 3 100 73647 0.004938
367 204 3 100 48375 0.004938
368 211 3 100 71795 0.004941
253 189 3 100 6096986 0.004942
250 97 3 100 70916 0.004942
388 252 3 100 8848901 0.004943
187 42 3 100 1027010 0.004943
353 313 3 100 79272 0.004945
174 218 3 100 74824 0.004945
347 220 3 100 84307 0.004948
310 369 3 100 4505639 0.004950
307 245 3 100 19980 0.004952
331 108 3 100 8647833 0.004953
110 300 3 100 51072 0.004956
242 348 3 100 278652 0.004959
209 88 3 100 11211 0.004960
327 249 3 100 37373 0.004963
106 23 3 100 853156 0.004965
302 283 3 100 418811 0.004967
57 378 3 100 38949 0.004970
156 198 3 100 1015351 0.004970
91 88 3 100 11936774 0.004972
24 31 3 100 80466 0.004974
320 384 3 100 11820159 0.004977
48 342 3 100 66992 0.004979
64 141 3 100 57370 0.004980
188 39 3 100 42405 0.004980
249 41 3 100 48833 0.004983
236 181 3 100 78659 0.004988
391 352 3 100 478435 0.004994
367 149 3 100 849084 0.004994
350 156 3 100 11207464 0.004997
328 79 3 100 996793 0.004998
299 113 3 100 3696100 0.004999
