1175
90 172 3 100 17178 0.000001
374 250 3 100 7510161 0.000002
175 344 3 100 14806 0.000006
183 129 3 100 12197413 0.000007
245 389 3 100 7740295 0.000013
380 382 3 100 8039823 0.000014
301 392 3 100 90019 0.000017
366 258 3 100 290886 0.000017
42 385 3 100 91515 0.000022
225 218 3 100 356121 0.000023
196 368 3 100 62334 0.000040
48 340 3 100 59810 0.000042
158 243 3 100 87054 0.000045
227 281 3 100 22311 0.000047
251 338 3 100 786517 0.000053
138 24 3 100 5045669 0.000057
223 268 3 100 300590 0.000071
399 114 3 100 493536 0.000091
100 382 3 100 1012185 0.000098
230 263 3 100 18782 0.000103
324 191 3 100 100367 0.000106
130 265 3 100 7001 0.000111
306 288 3 100 5403218 0.000113
50 321 3 100 9191518 0.000113
32 225 3 100 92654 0.000113
360 117 3 100 32866 0.000115
189 369 3 100 14658 0.000125
212 35 3 100 1019706 0.000125
181 139 3 100 85480 0.000127
96 218 3 100 95826 0.000140
294 59 3 100 1042079 0.000140
295 278 3 100 10309426 0.000141
227 350 3 100 97842 0.000143
338 258 3 100 102844 0.000153
300 22 3 100 3402327 0.000154
238 221 3 100 8519287 0.000166
49 80 3 100 10718 0.000171
118 363 3 100 47113 0.000180
193 157 3 100 34620 0.000191
255 356 3 100 571268 0.000193
149 356 3 100 80649 0.000194
362 242 3 100 371 0.000200
37 394 3 100 57090 0.000202
228 57 3 100 584657 0.000207
231 61 3 100 923200 0.000239
403 75 3 100 9717424 0.000257
96 284 3 100 969468 0.000258
226 275 3 100 54112 0.000265
221 378 3 100 66362 0.000266
326 295 3 100 98032 0.000276
33 47 3 100 687423 0.000280
71 111 3 100 50353 0.000281
155 73 3 100 9486678 0.000286
361 378 3 100 27740 0.000287
98 49 3 100 91632 0.000289
139 179 3 100 63653 0.000296
37 242 3 100 48023 0.000303
61 301 3 100 4452188 0.000305
321 70 3 100 52948 0.000307
24 337 3 100 4874215 0.000309
341 116 3 100 4837523 0.000324
345 119 3 100 90824 0.000328
222 375 3 100 57542 0.000334
297 388 3 100 55569 0.000335
306 315 3 100 26086 0.000344
263 366 3 100 71639 0.000345
230 308 3 100 56073 0.000350
146 128 3 100 13015 0.000352
255 67 3 100 7383 0.000355
283 266 3 100 32957 0.000356
206 106 3 100 19919 0.000356
152 368 3 100 21145 0.000359
296 266 3 100 65799 0.000368
297 57 3 100 69840 0.000370
332 259 3 100 27983 0.000373
314 384 3 100 7328187 0.000378
204 57 3 100 82873 0.000382
309 102 3 100 1002996 0.000386
110 166 3 100 7402295 0.000386
313 232 3 100 50517 0.000395
116 203 3 100 296214 0.000397
245 205 3 100 44929 0.000402
348 194 3 100 53901 0.000403
395 362 3 100 6829 0.000403
172 122 3 100 97022 0.000404
126 292 3 100 84667 0.000405
143 71 3 100 4769261 0.000405
242 330 3 100 786214 0.000410
371 213 3 100 46860 0.000424
381 146 3 100 14675 0.000435
155 213 3 100 81824 0.000438
332 71 3 100 854575 0.000440
122 203 3 100 7323576 0.000441
369 227 3 100 949655 0.000441
312 204 3 100 63815 0.000442
389 264 3 100 40540 0.000463
192 95 3 100 5898261 0.000466
194 330 3 100 128789 0.000469
358 227 3 100 8211563 0.000471
43 40 3 100 5251 0.000471
24 108 3 100 4448 0.000473
78 43 3 100 14380 0.000478
271 319 3 100 94553 0.000478
375 263 3 100 10548863 0.000481
307 64 3 100 700997 0.000487
67 122 3 100 5770845 0.000488
337 295 3 100 86417 0.000491
133 322 3 100 5918192 0.000506
361 54 3 100 80805 0.000509
250 241 3 100 35197 0.000509
307 322 3 100 97258 0.000514
208 42 3 100 10089491 0.000523
394 297 3 100 30004 0.000528
154 373 3 100 219082 0.000532
304 66 3 100 28165 0.000532
281 304 3 100 58135 0.000533
165 182 3 100 902289 0.000536
253 49 3 100 59005 0.000542
193 295 3 100 40900 0.000549
85 145 3 100 25931 0.000556
27 400 3 100 432998 0.000563
385 402 3 100 66763 0.000569
98 193 3 100 1015350 0.000578
244 212 3 100 70693 0.000582
298 400 3 100 52915 0.000583
257 28 3 100 7072155 0.000585
277 247 3 100 68100 0.000589
229 199 3 100 15480 0.000611
319 208 3 100 10439822 0.000616
262 122 3 100 58621 0.000620
377 173 3 100 67555 0.000628
286 309 3 100 4651 0.000643
352 44 3 100 19606 0.000650
173 267 3 100 4744974 0.000654
149 237 3 100 51951 0.000657
25 156 3 100 45290 0.000659
287 333 3 100 58223 0.000676
213 84 3 100 4552640 0.000684
383 171 3 100 90180 0.000704
73 192 3 100 864479 0.000715
185 115 3 100 305870 0.000718
33 106 3 100 2958332 0.000728
68 276 3 100 49918 0.000740
182 375 3 100 906358 0.000745
274 214 3 100 619500 0.000748
398 277 3 100 7097802 0.000752
345 29 3 100 796424 0.000755
41 102 3 100 53881 0.000756
359 51 3 100 9356605 0.000756
170 393 3 100 839399 0.000758
261 368 3 100 10662440 0.000759
245 123 3 100 64203 0.000763
264 188 3 100 43522 0.000763
277 29 3 100 449330 0.000772
305 184 3 100 18453 0.000775
254 258 3 100 100294 0.000780
237 327 3 100 61817 0.000782
42 341 3 100 50599 0.000785
249 289 3 100 3243782 0.000786
144 68 3 100 21023 0.000790
27 247 3 100 5589825 0.000791
179 305 3 100 17130 0.000792
20 280 3 100 43712 0.000796
240 316 3 100 18733 0.000797
50 327 3 100 3632242 0.000802
126 138 3 100 51425 0.000803
56 27 3 100 63922 0.000806
283 363 3 100 8057813 0.000809
95 148 3 100 63465 0.000811
187 153 3 100 545883 0.000818
353 245 3 100 47435 0.000823
165 204 3 100 13745 0.000824
367 300 3 100 326415 0.000833
72 341 3 100 100530 0.000840
125 390 3 100 64573 0.000843
32 65 3 100 12892 0.000872
286 385 3 100 19713 0.000884
128 307 3 100 10790 0.000888
31 240 3 100 36581 0.000895
112 302 3 100 42252 0.000897
170 78 3 100 21987 0.000904
213 51 3 100 1043484 0.000924
349 271 3 100 10854515 0.000940
84 209 3 100 85973 0.000941
289 139 3 100 70265 0.000943
57 262 3 100 80965 0.000943
287 92 3 100 75137 0.000949
211 189 3 100 1574 0.000951
381 100 3 100 30732 0.000956
135 302 3 100 950753 0.000957
200 242 3 100 80963 0.000957
250 398 3 100 534460 0.000961
314 30 3 100 11683419 0.000961
298 73 3 100 3940 0.000963
393 29 3 100 71778 0.000971
114 337 3 100 9753 0.000972
228 75 3 100 87683 0.000975
61 64 3 100 88081 0.000981
162 331 3 100 974407 0.000995
247 320 3 100 9191135 0.000997
187 399 3 100 428720 0.000998
244 326 3 100 512543 0.001000
168 326 3 100 512473 0.001000
175 326 3 100 512170 0.001000
386 326 3 100 512798 0.001000
396 326 3 100 512511 0.001000
202 326 3 100 512213 0.001000
274 326 3 100 512426 0.001000
331 326 3 100 512979 0.001000
318 326 3 100 512799 0.001000
393 326 3 100 512391 0.001000
389 326 3 100 513021 0.001000
349 326 3 100 512010 0.001000
34 326 3 100 512764 0.001000
342 326 3 100 512353 0.001000
72 326 3 100 512855 0.001000
198 326 3 100 512215 0.001000
51 326 3 100 512217 0.001000
226 326 3 100 512860 0.001000
375 326 3 100 512320 0.001000
156 326 3 100 512698 0.001000
135 326 3 100 512952 0.001000
212 326 3 100 512930 0.001000
241 326 3 100 512237 0.001000
23 326 3 100 512751 0.001000
113 326 3 100 512462 0.001000
402 326 3 100 512829 0.001000
251 326 3 100 512990 0.001000
248 326 3 100 512382 0.001000
115 326 3 100 512522 0.001000
317 326 3 100 512449 0.001000
32 326 3 100 512031 0.001000
35 326 3 100 512941 0.001000
197 326 3 100 512308 0.001000
205 326 3 100 512662 0.001000
153 326 3 100 512343 0.001000
40 326 3 100 512850 0.001000
280 326 3 100 512416 0.001000
374 326 3 100 512528 0.001000
39 326 3 100 512440 0.001000
69 326 3 100 512638 0.001000
100 326 3 100 512824 0.001000
55 326 3 100 512118 0.001000
234 326 3 100 512541 0.001000
188 326 3 100 512888 0.001000
315 326 3 100 512060 0.001000
91 326 3 100 512980 0.001000
361 326 3 100 512488 0.001000
335 326 3 100 512691 0.001000
230 326 3 100 512777 0.001000
395 326 3 100 512471 0.001000
351 139 3 100 81411 0.001012
50 273 3 100 30054 0.001013
134 173 3 100 74864 0.001019
380 201 3 100 11118 0.001020
98 121 3 100 100501 0.001023
127 62 3 100 91211 0.001027
322 133 3 100 72749 0.001028
263 285 3 100 17761 0.001029
378 362 3 100 82607 0.001031
100 260 3 100 29948 0.001031
256 356 3 100 10248221 0.001038
369 88 3 100 2843 0.001039
51 119 3 100 720368 0.001041
94 322 3 100 84555 0.001042
129 110 3 100 77654 0.001049
361 369 3 100 35735 0.001049
96 242 3 100 9354950 0.001052
28 31 3 100 4490331 0.001060
387 39 3 100 89896 0.001063
98 304 3 100 6967 0.001067
29 390 3 100 852478 0.001068
214 299 3 100 1000274 0.001074
115 170 3 100 4199153 0.001075
293 92 3 100 2204 0.001084
208 221 3 100 76106 0.001084
238 295 3 100 71464 0.001086
293 183 3 100 60568 0.001090
331 377 3 100 9546 0.001094
257 191 3 100 6483 0.001096
141 125 3 100 18339 0.001101
350 349 3 100 62765 0.001102
387 402 3 100 1036201 0.001103
32 33 3 100 65738 0.001108
94 79 3 100 90251 0.001112
58 127 3 100 5615841 0.001113
202 265 3 100 853409 0.001114
374 56 3 100 12284126 0.001116
213 112 3 100 483163 0.001122
213 359 3 100 8017 0.001132
303 317 3 100 88844 0.001140
75 349 3 100 9822 0.001146
238 324 3 100 763348 0.001157
190 109 3 100 8126867 0.001158
32 196 3 100 583303 0.001159
314 399 3 100 432752 0.001176
347 357 3 100 9897691 0.001182
67 245 3 100 9846531 0.001212
379 375 3 100 5321 0.001214
279 363 3 100 15601 0.001220
74 115 3 100 858767 0.001224
66 250 3 100 88056 0.001224
230 131 3 100 80929 0.001225
118 109 3 100 4670824 0.001229
365 76 3 100 14778 0.001234
177 314 3 100 38018 0.001243
329 238 3 100 41525 0.001244
371 73 3 100 79963 0.001247
216 125 3 100 39688 0.001248
220 289 3 100 11431 0.001254
202 326 3 100 9994413 0.001256
359 226 3 100 130307 0.001257
50 307 3 100 72511 0.001261
169 162 3 100 84464 0.001262
208 151 3 100 10339509 0.001263
313 242 3 100 402139 0.001266
269 237 3 100 693227 0.001269
245 190 3 100 135102 0.001286
162 380 3 100 917590 0.001299
221 258 3 100 57922 0.001302
109 137 3 100 57069 0.001311
168 284 3 100 53591 0.001313
175 294 3 100 9490114 0.001315
239 332 3 100 48120 0.001315
96 148 3 100 32174 0.001318
213 184 3 100 52991 0.001326
211 94 3 100 1032021 0.001330
244 230 3 100 41784 0.001341
338 353 3 100 58810 0.001344
150 243 3 100 91937 0.001361
25 41 3 100 118143 0.001363
342 242 3 100 100885 0.001363
384 234 3 100 26724 0.001365
26 163 3 100 6430308 0.001371
345 120 3 100 16290 0.001372
383 187 3 100 77181 0.001372
186 74 3 100 41451 0.001377
227 363 3 100 13107 0.001377
325 296 3 100 8232720 0.001379
337 282 3 100 58434 0.001384
223 46 3 100 57442 0.001402
114 84 3 100 58474 0.001403
52 84 3 100 67529 0.001406
225 203 3 100 88400 0.001410
100 375 3 100 49704 0.001416
397 265 3 100 9531510 0.001419
315 44 3 100 745056 0.001426
124 127 3 100 4679040 0.001429
238 365 3 100 775 0.001430
378 192 3 100 44408 0.001432
319 212 3 100 35671 0.001448
147 60 3 100 72821 0.001449
71 89 3 100 98046 0.001454
269 399 3 100 4617 0.001456
145 277 3 100 11448844 0.001464
341 384 3 100 89116 0.001469
240 298 3 100 62410 0.001476
270 32 3 100 90145 0.001478
176 122 3 100 481773 0.001483
277 238 3 100 218165 0.001484
262 70 3 100 10864 0.001484
324 114 3 100 19013 0.001487
287 176 3 100 4209367 0.001488
385 133 3 100 801433 0.001495
90 174 3 100 14912 0.001500
335 155 3 100 86366 0.001501
246 306 3 100 3126 0.001505
40 358 3 100 279881 0.001508
74 311 3 100 33610 0.001520
28 385 3 100 29556 0.001523
168 341 3 100 2928018 0.001523
234 337 3 100 475076 0.001527
100 106 3 100 57069 0.001531
289 96 3 100 36371 0.001536
250 350 3 100 99315 0.001538
60 322 3 100 37763 0.001539
281 313 3 100 24458 0.001539
205 91 3 100 7325339 0.001544
99 316 3 100 3289203 0.001550
220 303 3 100 96272 0.001559
188 313 3 100 75711 0.001562
68 248 3 100 81447 0.001564
175 256 3 100 46754 0.001565
322 148 3 100 27737 0.001565
121 24 3 100 32784 0.001567
347 87 3 100 23408 0.001571
153 147 3 100 14495 0.001572
175 60 3 100 12221507 0.001573
196 340 3 100 75130 0.001576
170 253 3 100 89942 0.001576
159 211 3 100 60436 0.001581
328 214 3 100 8933865 0.001582
56 378 3 100 975771 0.001582
196 276 3 100 10067 0.001592
299 38 3 100 4110557 0.001602
157 133 3 100 78354 0.001607
120 157 3 100 35397 0.001608
126 30 3 100 4413631 0.001614
162 194 3 100 884554 0.001615
171 327 3 100 48305 0.001620
240 262 3 100 7161954 0.001622
369 384 3 100 21810 0.001623
224 158 3 100 89352 0.001641
265 281 3 100 3542 0.001649
134 357 3 100 3122 0.001656
342 45 3 100 52849 0.001660
69 271 3 100 10104754 0.001677
215 297 3 100 17157 0.001678
305 26 3 100 74889 0.001679
287 195 3 100 85772 0.001680
177 145 3 100 10300291 0.001686
331 27 3 100 36683 0.001695
71 306 3 100 7732768 0.001696
140 69 3 100 680063 0.001698
139 148 3 100 3804719 0.001701
112 47 3 100 84045 0.001703
105 310 3 100 18247 0.001710
258 108 3 100 103397 0.001715
102 267 3 100 167807 0.001717
152 103 3 100 10688733 0.001717
315 67 3 100 9585595 0.001720
205 374 3 100 531036 0.001720
28 115 3 100 52908 0.001721
100 147 3 100 234473 0.001731
99 322 3 100 11375581 0.001737
167 276 3 100 10591438 0.001737
325 221 3 100 791093 0.001741
174 363 3 100 419408 0.001742
208 279 3 100 863631 0.001747
230 75 3 100 102307 0.001749
109 390 3 100 10292252 0.001750
369 98 3 100 29660 0.001758
402 322 3 100 13628 0.001761
272 101 3 100 795405 0.001764
328 72 3 100 8412093 0.001775
244 217 3 100 1617 0.001775
254 393 3 100 82961 0.001778
282 312 3 100 9591497 0.001787
66 22 3 100 51474 0.001812
102 323 3 100 15324 0.001819
73 126 3 100 36367 0.001825
139 244 3 100 3837 0.001831
281 351 3 100 5751617 0.001832
108 252 3 100 4364497 0.001844
192 359 3 100 91667 0.001845
126 29 3 100 77865 0.001847
304 346 3 100 5895038 0.001847
31 139 3 100 4829828 0.001847
264 360 3 100 2972 0.001848
273 45 3 100 44792 0.001853
379 179 3 100 8232 0.001861
310 227 3 100 13212 0.001863
22 370 3 100 78535 0.001865
399 347 3 100 75235 0.001883
47 255 3 100 18660 0.001883
153 235 3 100 4377 0.001898
301 169 3 100 10754781 0.001900
170 87 3 100 95850 0.001909
109 379 3 100 7704997 0.001911
185 173 3 100 5718062 0.001913
42 283 3 100 57496 0.001915
108 272 3 100 1003330 0.001928
344 374 3 100 757902 0.001930
85 366 3 100 9831 0.001933
309 377 3 100 102376 0.001934
176 226 3 100 23176 0.001936
388 273 3 100 40467 0.001938
182 33 3 100 5343820 0.001956
286 395 3 100 61677 0.001959
115 89 3 100 7156939 0.001961
38 235 3 100 6781503 0.001979
32 313 3 100 68631 0.001982
202 87 3 100 5611 0.001989
194 77 3 100 6450 0.001993
38 145 3 100 19897 0.002005
395 124 3 100 58675 0.002006
332 71 3 100 38424 0.002007
222 116 3 100 97852 0.002013
352 221 3 100 771679 0.002017
124 389 3 100 34659 0.002030
218 180 3 100 90171 0.002033
130 33 3 100 10587618 0.002038
109 304 3 100 11659786 0.002039
291 183 3 100 35013 0.002041
26 189 3 100 30584 0.002042
210 55 3 100 53763 0.002044
288 293 3 100 700096 0.002053
360 323 3 100 7600757 0.002053
360 170 3 100 306461 0.002055
177 166 3 100 3333661 0.002057
210 137 3 100 68784 0.002058
385 292 3 100 39701 0.002062
222 364 3 100 7316641 0.002065
369 124 3 100 4478 0.002065
393 86 3 100 33872 0.002066
238 116 3 100 750257 0.002070
307 213 3 100 77463 0.002078
287 256 3 100 34235 0.002079
64 348 3 100 7261 0.002080
151 261 3 100 65085 0.002086
234 319 3 100 4238 0.002086
177 82 3 100 446763 0.002096
30 114 3 100 46902 0.002097
219 385 3 100 72018 0.002098
274 293 3 100 636961 0.002099
231 110 3 100 3193835 0.002099
152 43 3 100 48589 0.002099
275 103 3 100 24410 0.002110
294 107 3 100 620839 0.002117
378 20 3 100 62066 0.002122
145 388 3 100 37552 0.002124
262 307 3 100 318850 0.002131
179 87 3 100 13022 0.002132
239 380 3 100 71633 0.002133
393 192 3 100 71550 0.002134
217 349 3 100 70872 0.002140
266 122 3 100 97537 0.002146
62 243 3 100 44002 0.002150
115 331 3 100 78630 0.002152
325 375 3 100 23261 0.002165
364 57 3 100 74801 0.002165
129 303 3 100 3538244 0.002177
119 109 3 100 80708 0.002177
91 251 3 100 33504 0.002177
281 220 3 100 6535460 0.002179
270 342 3 100 45606 0.002186
324 311 3 100 861330 0.002189
112 117 3 100 97182 0.002191
163 98 3 100 245528 0.002192
190 170 3 100 84960 0.002193
61 131 3 100 32565 0.002207
395 98 3 100 235821 0.002219
233 113 3 100 31653 0.002220
100 378 3 100 4236157 0.002225
87 232 3 100 5347293 0.002226
286 390 3 100 55734 0.002227
250 215 3 100 70718 0.002234
46 222 3 100 68472 0.002237
399 242 3 100 101951 0.002238
221 191 3 100 25446 0.002239
372 308 3 100 927171 0.002245
264 207 3 100 760121 0.002257
44 78 3 100 108177 0.002261
21 348 3 100 90777 0.002266
368 211 3 100 6065338 0.002267
116 241 3 100 18683 0.002280
182 253 3 100 93841 0.002284
222 75 3 100 93260 0.002287
211 84 3 100 53483 0.002290
338 330 3 100 86895 0.002292
82 187 3 100 208658 0.002299
274 365 3 100 88350 0.002300
140 47 3 100 81491 0.002307
125 221 3 100 79370 0.002308
131 44 3 100 670678 0.002314
210 208 3 100 5692 0.002316
222 163 3 100 3547933 0.002317
321 377 3 100 55873 0.002319
20 128 3 100 7523 0.002321
179 62 3 100 88968 0.002336
72 396 3 100 7649066 0.002339
373 308 3 100 42534 0.002343
76 317 3 100 19624 0.002347
43 224 3 100 455145 0.002350
387 345 3 100 281137 0.002351
132 66 3 100 11623573 0.002351
140 364 3 100 84323 0.002360
31 372 3 100 30548 0.002365
138 136 3 100 758995 0.002380
233 235 3 100 86061 0.002384
188 128 3 100 92693 0.002387
42 188 3 100 100796 0.002388
115 348 3 100 67809 0.002396
184 199 3 100 9606629 0.002396
155 108 3 100 7972611 0.002404
395 351 3 100 36376 0.002406
230 22 3 100 45924 0.002407
186 136 3 100 7864449 0.002408
23 69 3 100 11604116 0.002417
79 189 3 100 21016 0.002418
233 245 3 100 67755 0.002421
261 32 3 100 72838 0.002430
88 111 3 100 97485 0.002440
329 197 3 100 654624 0.002449
342 100 3 100 98134 0.002454
191 332 3 100 48880 0.002461
46 138 3 100 36121 0.002466
55 382 3 100 316438 0.002471
269 389 3 100 78984 0.002475
225 42 3 100 222807 0.002481
355 366 3 100 6375949 0.002486
402 342 3 100 8582 0.002490
355 349 3 100 37122 0.002491
361 272 3 100 86565 0.002500
232 394 3 100 331132 0.002507
161 175 3 100 49553 0.002519
336 356 3 100 84374 0.002519
59 247 3 100 792939 0.002523
176 332 3 100 7910320 0.002536
51 230 3 100 38763 0.002541
258 127 3 100 82845 0.002544
312 345 3 100 10681 0.002545
85 137 3 100 17023 0.002545
167 362 3 100 54528 0.002548
346 290 3 100 739008 0.002560
320 280 3 100 31327 0.002564
255 334 3 100 10545466 0.002569
33 170 3 100 103323 0.002576
34 319 3 100 80916 0.002578
95 307 3 100 21077 0.002578
247 273 3 100 153007 0.002583
156 290 3 100 72303 0.002586
20 293 3 100 89029 0.002588
99 197 3 100 231512 0.002590
227 331 3 100 12266 0.002593
191 244 3 100 144592 0.002595
327 346 3 100 80559 0.002598
368 237 3 100 6752954 0.002599
107 186 3 100 53857 0.002600
72 231 3 100 75119 0.002605
96 389 3 100 29123 0.002605
311 184 3 100 10644963 0.002607
144 53 3 100 713257 0.002608
171 253 3 100 4841544 0.002609
253 119 3 100 79944 0.002620
118 132 3 100 45370 0.002622
261 236 3 100 79925 0.002624
94 372 3 100 5408831 0.002627
310 245 3 100 64537 0.002628
358 254 3 100 8362 0.002629
205 385 3 100 97340 0.002629
146 92 3 100 103040 0.002633
343 302 3 100 147 0.002634
238 106 3 100 544042 0.002635
322 388 3 100 919849 0.002637
371 390 3 100 640966 0.002639
109 68 3 100 14295 0.002639
98 378 3 100 45836 0.002651
178 360 3 100 59283 0.002651
394 181 3 100 15004 0.002656
208 395 3 100 65409 0.002657
29 102 3 100 102738 0.002657
133 304 3 100 11593742 0.002657
191 62 3 100 611322 0.002660
139 339 3 100 75422 0.002664
116 307 3 100 104101 0.002668
266 176 3 100 78517 0.002672
389 311 3 100 698202 0.002675
82 62 3 100 11082190 0.002697
302 213 3 100 99874 0.002701
218 245 3 100 98705 0.002701
351 279 3 100 12211122 0.002706
337 22 3 100 95831 0.002709
202 353 3 100 66454 0.002713
388 166 3 100 549523 0.002722
89 208 3 100 76947 0.002724
271 123 3 100 77593 0.002728
313 187 3 100 38235 0.002732
146 156 3 100 919911 0.002739
39 238 3 100 10434 0.002739
194 290 3 100 363602 0.002756
129 374 3 100 12070 0.002765
296 125 3 100 82469 0.002770
162 61 3 100 27663 0.002772
31 50 3 100 100688 0.002785
232 283 3 100 54657 0.002793
179 82 3 100 43748 0.002802
72 341 3 100 20588 0.002803
124 203 3 100 66503 0.002805
135 260 3 100 5216888 0.002813
382 70 3 100 96282 0.002818
109 288 3 100 883666 0.002823
337 80 3 100 32847 0.002824
318 381 3 100 45371 0.002826
40 362 3 100 6709347 0.002827
93 266 3 100 576621 0.002835
107 280 3 100 302951 0.002838
339 56 3 100 560 0.002839
40 251 3 100 45882 0.002843
30 273 3 100 8794763 0.002843
88 204 3 100 95887 0.002848
299 214 3 100 96724 0.002853
43 137 3 100 44631 0.002859
50 192 3 100 64846 0.002864
258 260 3 100 7553547 0.002869
261 288 3 100 1004197 0.002870
219 367 3 100 692789 0.002871
33 34 3 100 4906417 0.002872
158 106 3 100 934489 0.002875
298 395 3 100 26566 0.002882
56 268 3 100 37326 0.002883
182 47 3 100 3295224 0.002885
35 273 3 100 10953720 0.002890
354 80 3 100 27645 0.002896
340 279 3 100 71401 0.002909
99 95 3 100 42995 0.002910
25 204 3 100 69457 0.002912
385 93 3 100 11211176 0.002926
172 101 3 100 9606 0.002926
260 93 3 100 9759 0.002930
351 284 3 100 5252248 0.002930
86 272 3 100 37939 0.002931
224 175 3 100 6753 0.002933
52 110 3 100 7098114 0.002937
32 361 3 100 66865 0.002941
316 53 3 100 29779 0.002943
320 217 3 100 85423 0.002945
158 362 3 100 74637 0.002945
317 81 3 100 3937962 0.002951
75 336 3 100 47395 0.002960
292 32 3 100 7723 0.002961
377 127 3 100 83617 0.002966
285 341 3 100 747817 0.002969
377 211 3 100 142513 0.002969
99 97 3 100 8976141 0.002973
362 55 3 100 12378 0.002984
397 243 3 100 9504759 0.002988
367 128 3 100 75806 0.002988
319 373 3 100 25490 0.002990
87 196 3 100 62828 0.002994
49 104 3 100 991477 0.002997
289 42 3 100 92397 0.002998
274 147 3 100 254638 0.003004
267 238 3 100 48158 0.003004
138 400 3 100 845200 0.003013
266 367 3 100 623363 0.003030
41 149 3 100 56096 0.003031
372 374 3 100 100237 0.003031
93 370 3 100 15153 0.003034
189 153 3 100 36222 0.003037
377 242 3 100 101729 0.003041
289 166 3 100 368952 0.003046
316 344 3 100 8341795 0.003051
57 54 3 100 419508 0.003054
106 269 3 100 11702566 0.003060
160 371 3 100 11875949 0.003067
120 78 3 100 248281 0.003070
187 386 3 100 90615 0.003070
40 369 3 100 88147 0.003076
294 221 3 100 10123 0.003078
117 324 3 100 7855597 0.003082
167 150 3 100 12219917 0.003091
68 85 3 100 10240496 0.003105
290 81 3 100 68036 0.003109
315 148 3 100 4033986 0.003123
158 186 3 100 3901316 0.003128
68 325 3 100 67666 0.003129
298 182 3 100 10721 0.003133
156 191 3 100 26118 0.003134
148 119 3 100 91880 0.003138
376 176 3 100 3860196 0.003145
210 98 3 100 62818 0.003150
341 396 3 100 104361 0.003153
302 281 3 100 1009669 0.003164
364 248 3 100 981704 0.003173
324 238 3 100 12039 0.003175
36 122 3 100 68226 0.003184
104 160 3 100 32233 0.003190
111 368 3 100 15008 0.003191
141 170 3 100 6909554 0.003195
102 289 3 100 46925 0.003197
83 296 3 100 5483 0.003201
302 36 3 100 611788 0.003201
154 271 3 100 977383 0.003213
96 300 3 100 45783 0.003222
161 370 3 100 38606 0.003223
25 259 3 100 103411 0.003223
60 37 3 100 1706 0.003229
156 247 3 100 5617987 0.003238
26 310 3 100 69841 0.003255
235 234 3 100 6506 0.003259
140 230 3 100 5964600 0.003269
125 223 3 100 95787 0.003269
342 70 3 100 9299 0.003271
261 301 3 100 22265 0.003285
239 119 3 100 11836311 0.003286
89 87 3 100 37430 0.003288
81 179 3 100 60904 0.003299
47 332 3 100 326167 0.003299
200 246 3 100 31244 0.003306
386 142 3 100 48743 0.003307
75 382 3 100 285531 0.003323
107 325 3 100 13412 0.003330
219 103 3 100 45271 0.003337
273 177 3 100 11394595 0.003339
339 114 3 100 109086 0.003344
376 234 3 100 6495 0.003345
373 185 3 100 85830 0.003354
244 207 3 100 31932 0.003356
245 333 3 100 7722554 0.003358
112 317 3 100 91068 0.003360
177 90 3 100 33851 0.003363
40 214 3 100 31938 0.003367
140 309 3 100 953303 0.003371
97 194 3 100 11370 0.003371
380 331 3 100 9833889 0.003371
68 284 3 100 8718894 0.003375
381 343 3 100 43083 0.003378
82 150 3 100 27902 0.003380
145 291 3 100 55069 0.003383
194 106 3 100 11593967 0.003394
42 158 3 100 8929846 0.003394
223 346 3 100 5655369 0.003396
324 284 3 100 92781 0.003399
65 253 3 100 78927 0.003406
168 164 3 100 30546 0.003409
24 108 3 100 10434261 0.003420
215 21 3 100 798588 0.003427
337 220 3 100 381067 0.003428
78 170 3 100 53442 0.003429
359 396 3 100 29576 0.003435
314 188 3 100 73120 0.003438
379 387 3 100 13947 0.003448
400 346 3 100 36433 0.003452
209 108 3 100 85225 0.003452
166 204 3 100 92008 0.003459
186 276 3 100 70510 0.003467
304 190 3 100 389443 0.003475
275 283 3 100 103094 0.003484
366 258 3 100 8423990 0.003486
276 169 3 100 14239 0.003487
192 181 3 100 289012 0.003489
383 35 3 100 8768 0.003489
384 124 3 100 919449 0.003498
157 182 3 100 5844758 0.003501
175 289 3 100 339836 0.003501
128 143 3 100 58405 0.003501
384 266 3 100 3176365 0.003512
115 256 3 100 3590752 0.003514
342 394 3 100 28220 0.003514
182 25 3 100 24683 0.003514
81 340 3 100 44537 0.003516
77 201 3 100 218241 0.003518
259 182 3 100 4722 0.003522
286 221 3 100 46887 0.003529
150 94 3 100 4410987 0.003529
369 113 3 100 895147 0.003532
21 103 3 100 9385719 0.003535
271 127 3 100 259785 0.003537
290 105 3 100 6784069 0.003538
265 240 3 100 27860 0.003545
235 353 3 100 10238836 0.003552
311 119 3 100 66681 0.003554
54 198 3 100 236700 0.003557
80 156 3 100 70842 0.003560
249 371 3 100 15048 0.003566
180 205 3 100 102851 0.003574
204 85 3 100 11908 0.003581
349 166 3 100 67025 0.003585
87 368 3 100 4626222 0.003586
234 166 3 100 47042 0.003587
192 371 3 100 768013 0.003587
288 231 3 100 7222181 0.003587
158 166 3 100 239406 0.003590
373 31 3 100 57355 0.003609
222 86 3 100 7008750 0.003612
308 379 3 100 12029860 0.003614
304 402 3 100 870070 0.003620
245 94 3 100 63180 0.003621
403 299 3 100 10471 0.003627
313 205 3 100 12286388 0.003636
303 79 3 100 11043407 0.003639
20 371 3 100 100932 0.003643
55 401 3 100 54225 0.003645
87 98 3 100 25867 0.003648
129 331 3 100 33692 0.003653
171 234 3 100 4247000 0.003657
198 396 3 100 27118 0.003660
46 354 3 100 70793 0.003663
272 295 3 100 53769 0.003665
276 275 3 100 709887 0.003680
233 382 3 100 96547 0.003682
270 316 3 100 48699 0.003688
302 170 3 100 18821 0.003693
347 350 3 100 8744531 0.003699
384 26 3 100 16413 0.003706
35 225 3 100 85141 0.003708
120 368 3 100 55534 0.003733
274 346 3 100 770104 0.003740
293 395 3 100 101802 0.003745
43 185 3 100 22956 0.003755
176 217 3 100 3908527 0.003756
105 109 3 100 88041 0.003757
98 206 3 100 448189 0.003758
135 35 3 100 265350 0.003762
330 239 3 100 62982 0.003764
162 283 3 100 34971 0.003765
34 120 3 100 62933 0.003765
70 111 3 100 79868 0.003767
229 60 3 100 25597 0.003768
197 78 3 100 72762 0.003781
313 51 3 100 46163 0.003784
111 272 3 100 92013 0.003789
392 124 3 100 861969 0.003792
261 35 3 100 5295174 0.003800
224 84 3 100 11986044 0.003804
56 327 3 100 65597 0.003805
83 226 3 100 83160 0.003806
172 144 3 100 80581 0.003809
75 80 3 100 45035 0.003813
392 131 3 100 78872 0.003829
330 134 3 100 37504 0.003832
156 214 3 100 21021 0.003838
373 362 3 100 12314027 0.003838
258 295 3 100 97147 0.003840
150 332 3 100 5218475 0.003850
320 218 3 100 8853009 0.003854
78 95 3 100 7667 0.003854
365 81 3 100 3994016 0.003855
379 72 3 100 582496 0.003859
89 54 3 100 3217751 0.003863
122 283 3 100 1837 0.003864
316 73 3 100 49654 0.003865
146 154 3 100 262324 0.003870
142 341 3 100 48456 0.003872
127 192 3 100 34643 0.003873
309 399 3 100 9443604 0.003874
378 96 3 100 38736 0.003874
90 104 3 100 937542 0.003875
319 88 3 100 899396 0.003875
293 200 3 100 10432402 0.003876
117 80 3 100 42398 0.003876
284 403 3 100 939 0.003877
403 41 3 100 100496 0.003877
88 388 3 100 2924441 0.003881
96 29 3 100 100461 0.003891
178 291 3 100 302757 0.003893
37 245 3 100 77783 0.003897
202 174 3 100 4812 0.003901
215 37 3 100 508656 0.003908
337 21 3 100 5490674 0.003910
375 173 3 100 11464 0.003936
117 192 3 100 48283 0.003937
207 32 3 100 844972 0.003937
336 90 3 100 11032 0.003947
65 259 3 100 8131174 0.003949
301 223 3 100 7262 0.003951
223 342 3 100 98502 0.003953
168 346 3 100 60956 0.003979
26 360 3 100 11782532 0.003981
336 387 3 100 95695 0.003982
238 42 3 100 961525 0.003986
246 114 3 100 96275 0.003986
86 371 3 100 74246 0.003990
148 362 3 100 12077 0.003992
56 111 3 100 690007 0.003993
130 203 3 100 761200 0.003996
344 183 3 100 10455633 0.004011
376 396 3 100 3767619 0.004013
67 222 3 100 89571 0.004021
248 21 3 100 4568110 0.004022
342 236 3 100 76539 0.004028
393 371 3 100 823863 0.004030
227 376 3 100 57615 0.004040
74 383 3 100 33737 0.004042
25 215 3 100 98846 0.004048
56 86 3 100 9771 0.004051
114 350 3 100 858329 0.004052
325 285 3 100 832500 0.004065
333 65 3 100 966592 0.004068
299 64 3 100 248916 0.004072
281 348 3 100 10266160 0.004075
38 134 3 100 65442 0.004077
282 56 3 100 6758090 0.004078
369 155 3 100 29077 0.004080
24 159 3 100 12907 0.004081
103 145 3 100 853082 0.004081
325 225 3 100 62621 0.004103
130 314 3 100 33109 0.004104
149 141 3 100 66339 0.004126
267 161 3 100 32892 0.004127
202 105 3 100 24391 0.004129
290 335 3 100 3081913 0.004137
272 112 3 100 74942 0.004139
261 360 3 100 209725 0.004139
304 333 3 100 7997835 0.004140
102 115 3 100 62013 0.004144
348 40 3 100 33408 0.004146
99 357 3 100 718212 0.004148
368 369 3 100 90375 0.004148
66 188 3 100 24265 0.004152
332 210 3 100 14879 0.004164
134 330 3 100 7797306 0.004164
362 73 3 100 45642 0.004187
335 319 3 100 9441587 0.004188
162 235 3 100 65713 0.004189
246 48 3 100 70998 0.004199
354 220 3 100 19197 0.004203
265 220 3 100 27829 0.004211
185 247 3 100 3173723 0.004213
34 287 3 100 60674 0.004220
218 160 3 100 524058 0.004220
87 107 3 100 7849373 0.004222
396 20 3 100 937939 0.004222
193 101 3 100 53960 0.004231
343 25 3 100 16171 0.004232
145 224 3 100 750918 0.004233
400 224 3 100 5149437 0.004234
81 342 3 100 29795 0.004235
183 43 3 100 10324274 0.004235
159 358 3 100 11670819 0.004238
25 296 3 100 43711 0.004246
386 110 3 100 75103 0.004248
240 116 3 100 83073 0.004248
147 161 3 100 59783 0.004249
395 325 3 100 6880 0.004256
271 124 3 100 7701206 0.004268
124 320 3 100 104209 0.004274
270 32 3 100 183953 0.004275
73 167 3 100 69970 0.004277
88 167 3 100 90146 0.004280
162 275 3 100 50280 0.004282
94 250 3 100 27281 0.004283
322 193 3 100 700841 0.004286
258 49 3 100 503306 0.004288
42 20 3 100 11118891 0.004299
173 144 3 100 1013606 0.004311
325 279 3 100 16523 0.004313
231 109 3 100 37026 0.004317
247 244 3 100 6185430 0.004324
356 156 3 100 45840 0.004330
259 55 3 100 16323 0.004333
321 342 3 100 62349 0.004335
33 109 3 100 52262 0.004339
297 188 3 100 52309 0.004340
49 155 3 100 40384 0.004341
234 280 3 100 87084 0.004344
133 363 3 100 80182 0.004349
78 22 3 100 63457 0.004353
352 273 3 100 1044188 0.004356
369 244 3 100 95152 0.004361
356 29 3 100 73937 0.004362
398 83 3 100 50830 0.004368
264 398 3 100 86523 0.004373
68 287 3 100 6524489 0.004373
283 295 3 100 8026290 0.004378
201 227 3 100 96070 0.004381
278 172 3 100 7519287 0.004383
61 161 3 100 833120 0.004386
250 164 3 100 9572 0.004388
362 229 3 100 554339 0.004391
359 85 3 100 306824 0.004393
172 26 3 100 10760 0.004399
213 65 3 100 756778 0.004401
227 327 3 100 94834 0.004403
345 314 3 100 7438940 0.004405
219 302 3 100 91052 0.004408
120 373 3 100 12084218 0.004412
336 76 3 100 72814 0.004415
303 360 3 100 834502 0.004416
100 359 3 100 94876 0.004430
23 175 3 100 2755 0.004439
239 64 3 100 42466 0.004439
372 359 3 100 52523 0.004456
281 295 3 100 73396 0.004457
186 53 3 100 4692912 0.004458
44 290 3 100 371970 0.004460
111 339 3 100 101229 0.004463
253 177 3 100 55325 0.004464
330 373 3 100 11077 0.004476
218 241 3 100 8295965 0.004479
155 31 3 100 955106 0.004480
98 175 3 100 47509 0.004483
39 49 3 100 929728 0.004488
157 187 3 100 11246 0.004488
265 354 3 100 7771864 0.004492
391 261 3 100 1000379 0.004501
128 284 3 100 1011176 0.004503
340 227 3 100 8637 0.004503
31 176 3 100 14222 0.004505
278 303 3 100 93689 0.004507
180 239 3 100 57358 0.004521
97 312 3 100 7101712 0.004526
264 198 3 100 1844 0.004527
213 198 3 100 87592 0.004530
269 137 3 100 84235 0.004532
348 366 3 100 83828 0.004540
379 316 3 100 26117 0.004541
218 251 3 100 78585 0.004545
359 36 3 100 77860 0.004556
313 334 3 100 7016448 0.004564
227 83 3 100 60443 0.004569
387 236 3 100 40218 0.004571
398 99 3 100 36637 0.004572
28 43 3 100 35554 0.004572
122 109 3 100 72653 0.004578
51 75 3 100 8142 0.004579
388 355 3 100 6379160 0.004581
308 219 3 100 46586 0.004590
112 377 3 100 57764 0.004597
106 88 3 100 6845315 0.004597
156 172 3 100 89363 0.004602
150 140 3 100 25491 0.004603
284 155 3 100 878318 0.004612
157 306 3 100 708508 0.004614
222 106 3 100 68392 0.004615
282 272 3 100 46160 0.004616
265 62 3 100 4478290 0.004617
252 317 3 100 9783076 0.004623
125 223 3 100 288026 0.004624
296 385 3 100 101905 0.004629
220 262 3 100 93342 0.004630
111 199 3 100 12322249 0.004634
178 390 3 100 378178 0.004636
133 186 3 100 829917 0.004638
123 279 3 100 231914 0.004641
75 265 3 100 98108 0.004655
226 77 3 100 18916 0.004664
314 296 3 100 732353 0.004673
199 92 3 100 53575 0.004674
208 308 3 100 21466 0.004679
203 115 3 100 10628872 0.004684
296 353 3 100 6918675 0.004691
241 235 3 100 55993 0.004692
146 296 3 100 33187 0.004694
66 332 3 100 5610905 0.004710
132 93 3 100 101369 0.004711
325 352 3 100 8547663 0.004713
124 157 3 100 77764 0.004719
115 326 3 100 95216 0.004724
64 170 3 100 18533 0.004727
384 280 3 100 322747 0.004730
112 200 3 100 143223 0.004748
236 191 3 100 7940 0.004752
114 271 3 100 300 0.004752
394 393 3 100 10803471 0.004753
382 180 3 100 66621 0.004760
196 316 3 100 38906 0.004769
203 43 3 100 52999 0.004770
263 354 3 100 758915 0.004772
98 162 3 100 45794 0.004780
226 116 3 100 9676845 0.004784
64 91 3 100 30076 0.004784
46 234 3 100 40012 0.004794
297 160 3 100 6668 0.004803
322 154 3 100 26607 0.004804
205 382 3 100 99942 0.004807
318 297 3 100 329155 0.004808
356 31 3 100 7927634 0.004809
374 251 3 100 14655 0.004828
288 202 3 100 6568276 0.004832
127 200 3 100 44097 0.004834
245 221 3 100 27363 0.004835
114 95 3 100 69378 0.004836
268 174 3 100 85813 0.004842
192 165 3 100 13869 0.004847
300 369 3 100 11416907 0.004848
104 178 3 100 61735 0.004858
143 365 3 100 24950 0.004871
48 60 3 100 5575471 0.004874
378 388 3 100 38529 0.004887
108 103 3 100 204695 0.004896
83 139 3 100 41436 0.004897
304 391 3 100 43539 0.004903
54 186 3 100 104155 0.004919
120 246 3 100 80939 0.004921
228 388 3 100 544989 0.004928
137 349 3 100 87286 0.004932
214 189 3 100 10865826 0.004942
272 92 3 100 2961178 0.004942
258 259 3 100 87430 0.004943
296 163 3 100 28651 0.004944
247 125 3 100 1639 0.004947
200 350 3 100 595843 0.004947
158 383 3 100 3528 0.004947
397 299 3 100 53353 0.004957
38 247 3 100 55555 0.004957
295 304 3 100 36075 0.004959
351 226 3 100 2697 0.004967
131 137 3 100 61854 0.004976
47 73 3 100 55413 0.004980
320 79 3 100 11169978 0.004982
339 23 3 100 86161 0.004983
122 272 3 100 21934 0.004989
323 142 3 100 978265 0.004998
